105703015 100 100 100 100 100
105703056 100 100 100 100 0
106207312 0 0 70 100 20
106303100 100 100 100 100 100
106701037 100 100 100 100 100
107703044 100 45 70 0 100
108207329 100 100 100 100 100
108307030 100 100 100 100 100
108307041 100 100 100 100 100
108701032 100 100 100 100 100
108701034 100 100 100 100 100
108703012 60 85 100 100 0
108703028 100 100 100 100 100
108703031 100 100 70 100 100
108703053 0 0 0 0 0
109703001 100 100 100 100 100
109703003 100 100 100 100 100
109703005 100 100 100 100 100
109703006 100 100 100 100 100
109703007 100 100 100 100 100
109703008 100 100 100 100 100
109703010 100 100 100 100 100
109703011 100 100 100 100 100
109703013 100 100 100 100 100
109703014 100 100 100 100 100
109703015 100 100 100 100 100
109703016 100 100 100 100 100
109703018 100 100 100 100 100
109703019 100 100 100 100 100
109703021 100 100 100 100 100
109703022 100 100 100 100 100
109703023 100 100 100 100 100
109703024 20 45 70 55 0
109703026 100 0 100 100 0
109703027 100 100 100 100 100
109703028 100 100 100 100 100
109703029 100 100 100 100 100
109703030 100 100 100 100 100
109703031 100 100 100 100 100
109703032 100 100 100 100 100
109703033 100 100 100 100 100
109703034 100 100 100 100 100
109703035 100 100 100 100 100
109703036 0 100 100 100 100
109703037 100 100 100 100 100
109703039 80 100 70 100 100
109703040 100 100 100 100 100
109703041 100 100 100 100 100
109703042 100 100 100 100 100
109703043 100 100 100 100 100
109703045 100 85 100 100 100
109703046 100 100 100 100 100
109703047 100 100 100 100 100
109703048 100 100 100 100 100
109703049 0 100 100 100 100
109703051 100 100 100 100 100
109703052 100 100 100 100 100
109703054 100 100 100 100 100
109703056 100 100 100 100 100
109703057 100 100 100 100 100
109703058 100 100 100 100 100
109703059 100 100 100 100 100
109703060 100 85 100 100 100
109703061 100 100 100 100 100
109703063 100 85 100 100 100
