0 1
0 2
0 3
0 4
0 5
0 7
0 8
0 9
0 10
0 11
1 2
1 3
1 4
1 5
1 6
1 7
1 8
1 9
1 10
1 11
1 12
2 3
2 4
2 5
2 6
2 7
2 8
2 9
2 10
2 11
2 12
2 15
3 7
3 8
3 9
3 11
3 15
4 5
4 6
4 7
4 8
4 9
4 10
4 11
4 12
4 18
5 6
5 7
5 8
5 9
5 10
5 11
5 12
5 18
6 7
6 8
6 9
6 10
6 11
6 12
6 18
7 8
7 9
7 10
7 11
7 12
7 15
7 18
8 9
8 10
8 11
8 12
8 15
8 18
9 10
9 11
9 12
9 15
9 18
10 11
10 12
10 15
10 18
11 12
11 15
11 18
12 15
12 18
13 14
13 16
13 26
14 16
14 20
14 26
14 29
15 18
16 26
16 29
17 21
17 23
17 24
17 25
17 26
17 27
17 29
17 30
17 33
17 34
17 37
17 40
17 42
17 43
17 44
17 45
17 47
17 48
17 49
17 50
17 51
17 53
17 56
17 57
17 59
18 25
18 27
19 22
19 28
19 31
19 32
20 22
20 26
20 29
20 31
20 35
21 23
21 24
21 25
21 26
21 27
21 29
21 30
21 33
21 34
21 37
21 40
21 42
21 43
21 44
21 45
21 47
21 48
21 49
21 50
21 51
21 53
21 56
21 57
21 59
21 64
21 67
21 71
22 29
22 31
22 35
23 24
23 25
23 26
23 29
23 30
23 33
23 34
23 35
23 37
23 39
23 40
23 42
23 43
23 44
23 45
23 47
23 48
23 49
23 50
23 51
23 53
23 56
23 57
23 59
23 60
23 64
23 67
23 68
23 69
23 70
23 71
23 73
23 75
24 25
24 26
24 27
24 30
24 33
24 34
24 37
24 42
24 43
24 45
24 47
24 48
24 51
24 56
24 57
24 59
24 64
24 71
25 27
26 29
26 44
28 32
28 36
28 38
29 35
29 44
30 33
30 34
30 37
30 40
30 42
30 43
30 44
30 45
30 47
30 48
30 49
30 51
30 53
30 56
30 57
30 59
30 64
30 71
30 75
31 35
32 36
32 38
32 52
33 34
33 37
33 42
33 43
33 44
33 45
33 47
33 48
33 49
33 51
33 56
33 57
33 59
33 64
33 71
33 75
34 35
34 37
34 40
34 42
34 43
34 44
34 45
34 47
34 48
34 49
34 50
34 51
34 53
34 56
34 57
34 59
34 60
34 64
34 67
34 69
34 70
34 71
34 73
34 74
34 75
34 82
35 44
36 38
36 52
36 54
36 55
36 61
36 66
37 40
37 42
37 43
37 44
37 45
37 47
37 48
37 49
37 50
37 51
37 53
37 56
37 57
37 59
37 60
37 64
37 67
37 69
37 70
37 71
37 73
37 74
37 75
37 82
37 84
38 52
38 54
38 55
38 61
38 66
39 40
39 41
39 42
39 43
39 44
39 45
39 46
39 48
39 49
39 50
39 52
39 53
39 54
39 55
39 58
39 60
39 61
39 62
39 63
39 65
39 66
39 67
39 68
39 73
39 76
39 77
39 79
39 80
39 81
39 87
39 88
39 91
40 41
40 42
40 43
40 44
40 45
40 46
40 47
40 48
40 49
40 50
40 51
40 52
40 53
40 54
40 58
40 60
40 61
40 63
40 67
40 68
40 69
40 70
40 73
40 74
40 79
40 80
40 81
40 87
40 88
40 91
41 42
41 43
41 45
41 46
41 49
41 50
41 52
41 53
41 54
41 55
41 58
41 61
41 62
41 63
41 65
41 66
41 67
41 68
41 72
41 73
41 76
41 77
41 79
41 80
41 81
41 83
41 87
41 88
41 91
41 94
42 43
42 44
42 45
42 46
42 47
42 48
42 49
42 50
42 51
42 53
42 56
42 58
42 60
42 63
42 67
42 68
42 69
42 70
42 73
42 74
42 79
42 80
42 81
42 87
42 88
42 91
43 44
43 45
43 47
43 48
43 49
43 50
43 51
43 53
43 56
43 57
43 59
43 60
43 64
43 67
43 68
43 69
43 70
43 71
43 73
43 74
43 75
43 80
43 82
43 84
43 85
44 47
44 60
44 69
44 70
44 74
45 46
45 47
45 48
45 49
45 50
45 51
45 53
45 56
45 58
45 59
45 60
45 63
45 67
45 68
45 69
45 70
45 73
45 74
45 75
45 79
45 80
45 81
45 84
45 85
45 87
45 88
45 91
46 49
46 50
46 52
46 53
46 54
46 55
46 58
46 61
46 62
46 63
46 65
46 66
46 67
46 68
46 72
46 73
46 76
46 77
46 79
46 80
46 83
46 87
46 88
46 91
46 92
46 94
46 96
47 56
47 59
47 60
47 69
47 70
47 74
48 49
48 50
48 51
48 53
48 56
48 57
48 59
48 60
48 64
48 67
48 68
48 69
48 70
48 71
48 73
48 74
48 75
48 80
48 82
48 84
48 85
49 50
49 51
49 53
49 56
49 58
49 59
49 60
49 63
49 67
49 68
49 69
49 70
49 73
49 74
49 75
49 79
49 80
49 81
49 82
49 84
49 85
49 87
49 88
49 91
50 51
50 52
50 53
50 54
50 55
50 58
50 60
50 61
50 63
50 66
50 67
50 68
50 69
50 70
50 73
50 74
50 77
50 79
50 80
50 81
50 87
50 88
50 91
50 94
51 53
51 56
51 57
51 59
51 60
51 64
51 67
51 69
51 70
51 71
51 73
51 74
51 75
51 82
51 84
51 85
52 54
52 55
52 61
52 62
52 65
52 66
53 54
53 58
53 60
53 61
53 63
53 66
53 67
53 68
53 69
53 70
53 73
53 74
53 77
53 79
53 80
53 81
53 87
53 88
53 91
54 55
54 61
54 62
54 65
54 66
54 76
54 77
55 61
55 62
55 65
55 66
55 72
55 76
55 77
55 83
56 57
56 59
56 64
56 69
56 70
56 71
56 74
56 75
56 82
57 59
57 64
57 71
57 75
58 61
58 62
58 63
58 65
58 66
58 67
58 68
58 72
58 73
58 76
58 77
58 78
58 79
58 80
58 83
58 86
58 87
58 88
58 90
58 91
58 92
58 93
58 94
58 95
58 96
58 98
59 64
59 69
59 70
59 71
59 74
59 75
59 82
60 69
60 70
60 74
61 62
61 65
61 66
61 76
61 77
62 65
62 66
62 72
62 76
62 83
62 86
63 65
63 66
63 67
63 68
63 72
63 73
63 76
63 77
63 79
63 80
63 81
63 83
63 86
63 87
63 88
63 91
63 92
63 93
63 94
63 95
63 96
64 71
64 75
65 66
65 72
65 76
65 77
65 83
65 86
66 72
66 76
66 77
66 83
67 68
67 69
67 70
67 73
67 74
67 77
67 79
67 80
67 81
67 82
67 84
67 85
67 87
67 88
67 91
67 94
67 96
68 69
68 70
68 73
68 74
68 76
68 77
68 79
68 80
68 81
68 83
68 87
68 88
68 91
68 92
68 94
68 96
69 70
69 71
69 74
69 75
69 82
69 84
69 85
70 71
70 74
70 75
70 82
70 84
70 85
71 74
71 75
71 82
71 84
71 85
72 76
72 78
72 83
72 86
72 89
72 90
73 74
73 75
73 77
73 79
73 80
73 81
73 82
73 84
73 85
73 87
73 88
73 91
73 94
73 96
74 75
74 82
74 84
74 85
75 82
75 84
75 85
76 77
76 83
76 86
76 90
76 92
76 93
76 95
77 83
77 92
77 94
77 96
78 83
78 86
78 89
78 90
78 93
78 97
79 80
79 81
79 83
79 86
79 87
79 88
79 90
79 91
79 92
79 93
79 94
79 95
79 96
79 98
80 81
80 85
80 87
80 88
80 91
80 92
80 94
80 96
81 87
81 91
82 84
82 85
83 86
83 89
83 90
83 92
83 93
83 95
83 97
83 98
84 85
86 89
86 90
86 92
86 93
86 95
86 97
86 98
86 99
87 88
87 91
88 91
88 94
88 96
89 90
89 93
89 95
89 97
89 99
90 92
90 93
90 95
90 97
90 98
90 99
91 94
91 96
92 93
92 94
92 95
92 96
92 97
92 98
93 95
93 97
93 98
93 99
94 96
95 97
95 98
95 99
97 98
97 99
98 99
