0 1
0 2
0 3
0 4
0 6
1 2
1 3
1 4
1 6
1 7
2 3
2 4
2 6
2 7
3 4
3 6
3 7
3 14
4 5
4 6
4 7
4 9
4 14
5 7
5 8
5 9
5 10
6 7
6 14
7 9
7 14
7 18
8 9
8 10
9 10
9 14
9 18
9 27
10 27
11 12
11 13
11 21
11 22
11 31
11 37
12 21
12 22
12 24
12 37
13 15
13 17
13 21
13 22
14 18
15 17
15 22
16 19
16 20
16 21
16 22
16 23
16 24
16 25
16 26
16 28
16 29
16 30
16 31
16 32
16 33
16 34
16 35
16 36
16 37
16 38
16 39
16 41
16 42
16 44
16 45
16 46
16 47
16 48
16 52
16 54
16 55
16 59
16 62
16 65
16 67
18 27
19 20
19 23
19 24
19 25
19 26
19 27
19 28
19 29
19 30
19 32
19 33
19 36
19 44
19 45
19 46
19 47
19 52
19 54
19 55
20 23
20 24
20 25
20 26
20 27
20 28
20 29
20 30
20 32
20 33
20 36
20 44
20 45
20 46
20 47
20 52
20 55
21 22
21 24
21 31
21 37
22 31
22 37
23 24
23 25
23 26
23 27
23 28
23 29
23 30
23 31
23 32
23 33
23 34
23 36
23 37
23 38
23 39
23 42
23 44
23 45
23 46
23 47
23 48
23 52
23 54
23 55
23 59
23 62
23 65
23 66
23 67
23 68
23 70
23 73
24 37
25 26
25 27
25 28
25 29
25 30
25 31
25 32
25 33
25 34
25 35
25 36
25 37
25 38
25 39
25 41
25 42
25 44
25 45
25 46
25 47
25 48
25 52
25 54
25 55
25 59
25 60
25 62
25 65
25 66
25 67
25 68
25 70
25 73
26 27
26 28
26 29
26 30
26 31
26 32
26 33
26 36
26 37
26 38
26 42
26 44
26 45
26 46
26 47
26 48
26 52
26 54
26 55
26 59
26 62
26 65
26 66
26 68
26 70
26 73
28 29
28 30
28 31
28 32
28 33
28 34
28 35
28 36
28 37
28 38
28 39
28 41
28 42
28 44
28 45
28 46
28 47
28 48
28 49
28 52
28 54
28 55
28 59
28 60
28 61
28 62
28 65
28 66
28 67
28 68
28 70
28 72
28 73
28 75
28 78
29 30
29 32
29 33
29 36
29 37
29 38
29 44
29 45
29 46
29 47
29 48
29 52
29 54
29 55
29 62
29 65
29 66
29 68
29 70
29 73
29 76
30 31
30 32
30 33
30 34
30 35
30 36
30 37
30 38
30 39
30 41
30 42
30 43
30 44
30 45
30 46
30 47
30 48
30 49
30 52
30 54
30 55
30 59
30 60
30 61
30 62
30 65
30 66
30 67
30 68
30 70
30 72
30 73
30 75
30 76
30 78
31 37
31 48
32 33
32 36
32 44
32 45
32 46
32 47
32 52
32 55
33 36
33 37
33 38
33 39
33 42
33 44
33 45
33 46
33 47
33 48
33 52
33 54
33 55
33 59
33 62
33 65
33 66
33 67
33 68
33 70
33 73
33 76
34 35
34 37
34 38
34 39
34 40
34 41
34 42
34 43
34 48
34 49
34 50
34 51
34 53
34 54
34 56
34 57
34 58
34 59
34 60
34 61
34 62
34 64
34 65
34 67
34 72
34 78
34 79
34 82
35 37
35 38
35 39
35 40
35 41
35 42
35 43
35 48
35 49
35 50
35 51
35 53
35 54
35 56
35 57
35 58
35 59
35 60
35 61
35 62
35 63
35 64
35 65
35 67
35 72
35 78
35 79
35 82
35 84
36 44
36 45
36 46
36 47
36 52
36 55
36 66
36 73
36 76
37 48
38 39
38 40
38 41
38 42
38 43
38 47
38 48
38 49
38 50
38 51
38 54
38 56
38 57
38 59
38 60
38 61
38 62
38 64
38 65
38 67
38 72
38 78
38 82
38 84
39 40
39 41
39 42
39 43
39 47
39 48
39 49
39 50
39 51
39 53
39 54
39 56
39 57
39 59
39 60
39 61
39 62
39 64
39 65
39 67
39 72
39 78
39 79
39 82
39 84
40 51
40 53
40 57
41 42
41 43
41 48
41 49
41 50
41 51
41 53
41 54
41 56
41 57
41 58
41 59
41 60
41 61
41 62
41 63
41 64
41 65
41 67
41 72
41 78
41 79
41 81
41 82
41 84
41 88
42 43
42 47
42 48
42 49
42 50
42 51
42 53
42 54
42 56
42 57
42 59
42 60
42 61
42 62
42 64
42 65
42 67
42 72
42 78
42 79
42 82
42 83
42 84
42 88
42 90
43 49
43 50
43 51
43 53
43 54
43 56
43 57
43 58
43 59
43 60
43 61
43 62
43 63
43 64
43 65
43 67
43 69
43 72
43 78
43 79
43 81
43 82
43 84
43 88
44 45
44 46
44 47
44 52
44 55
44 66
44 73
44 76
45 46
45 47
45 48
45 52
45 54
45 55
45 62
45 65
45 66
45 68
45 70
45 73
45 76
45 85
46 47
46 52
46 54
46 55
46 62
46 65
46 66
46 68
46 70
46 73
46 76
46 85
47 48
47 52
47 54
47 55
47 59
47 60
47 61
47 62
47 65
47 66
47 67
47 68
47 70
47 72
47 73
47 75
47 76
47 78
47 85
47 87
48 61
49 50
49 51
49 53
49 54
49 56
49 57
49 58
49 59
49 60
49 61
49 62
49 63
49 64
49 65
49 67
49 72
49 78
49 79
49 81
49 82
49 84
49 88
49 90
49 95
49 96
50 51
50 53
50 54
50 56
50 57
50 58
50 59
50 60
50 61
50 62
50 63
50 64
50 65
50 67
50 69
50 71
50 72
50 74
50 77
50 78
50 79
50 80
50 81
50 82
50 84
50 88
50 91
50 95
50 96
50 97
51 53
51 57
51 58
51 64
52 55
52 66
52 68
52 70
52 73
52 76
53 57
53 58
53 63
53 64
53 69
53 71
54 56
54 59
54 60
54 61
54 62
54 64
54 65
54 66
54 67
54 68
54 70
54 72
54 73
54 75
54 78
54 79
54 82
54 83
54 84
54 85
54 86
54 87
54 88
54 90
54 92
55 66
55 68
55 70
55 73
55 76
56 57
56 58
56 59
56 60
56 61
56 62
56 63
56 64
56 65
56 67
56 69
56 71
56 72
56 74
56 77
56 78
56 79
56 80
56 81
56 82
56 84
56 88
56 90
56 91
56 95
56 96
56 97
56 98
57 58
57 63
57 64
57 69
57 79
57 81
58 63
58 64
58 69
58 71
58 74
58 77
58 80
58 81
59 60
59 61
59 62
59 64
59 65
59 67
59 68
59 70
59 72
59 75
59 78
59 79
59 81
59 82
59 83
59 84
59 86
59 87
59 88
59 90
59 92
59 95
60 61
60 62
60 63
60 64
60 65
60 67
60 72
60 75
60 78
60 79
60 81
60 82
60 83
60 84
60 86
60 88
60 90
60 91
60 92
60 95
60 96
60 97
61 75
61 83
61 86
62 64
62 65
62 66
62 67
62 68
62 70
62 72
62 73
62 75
62 78
62 79
62 82
62 83
62 84
62 85
62 86
62 87
62 88
62 90
62 92
62 95
63 64
63 69
63 71
63 74
63 77
63 80
63 81
64 79
64 81
65 66
65 67
65 68
65 70
65 72
65 73
65 75
65 78
65 79
65 82
65 83
65 84
65 85
65 86
65 87
65 88
65 90
65 92
65 95
66 68
66 70
66 73
66 75
66 76
66 85
66 87
67 68
67 70
67 72
67 75
67 78
67 79
67 81
67 82
67 83
67 84
67 85
67 86
67 87
67 88
67 90
67 92
67 95
67 96
68 70
68 73
68 75
68 76
68 85
68 87
69 71
69 74
69 77
69 80
69 81
69 89
69 91
69 93
69 94
70 73
70 75
70 76
70 85
70 87
71 74
71 77
71 80
71 89
71 91
71 93
71 94
72 75
72 78
72 79
72 81
72 82
72 83
72 84
72 86
72 88
72 90
72 91
72 92
72 95
72 96
72 97
73 75
73 76
73 85
73 87
74 77
74 80
74 89
74 91
74 93
74 94
75 83
75 85
75 86
75 87
75 92
76 85
76 87
77 80
77 89
77 91
77 93
77 94
78 79
78 81
78 82
78 83
78 84
78 85
78 86
78 87
78 88
78 90
78 92
78 95
78 96
78 97
79 81
79 82
79 84
79 91
79 95
79 96
79 97
80 81
80 89
80 91
80 93
80 94
80 97
80 98
80 99
81 82
81 91
81 95
81 96
81 97
81 98
82 84
82 88
82 95
82 96
83 86
83 87
83 90
83 92
84 88
84 95
85 87
85 92
86 88
86 90
86 92
87 92
88 90
88 95
89 93
89 94
89 99
90 92
91 94
91 96
91 97
91 98
91 99
93 94
93 99
94 98
94 99
95 96
95 97
96 97
96 98
96 99
97 98
97 99
98 99
