0 1
0 2
0 3
0 4
0 5
0 6
0 7
0 8
0 9
1 7
1 11
2 3
2 4
2 5
2 6
2 7
2 8
2 9
3 4
3 5
3 6
3 7
3 8
3 9
4 5
4 6
4 7
4 8
4 9
4 18
5 6
5 7
5 8
5 9
5 11
5 18
6 7
6 8
6 9
6 13
6 14
6 18
7 8
7 9
7 11
7 18
8 9
8 13
8 14
8 18
8 26
9 13
9 14
9 18
9 26
10 15
10 19
11 18
12 13
12 14
12 23
13 14
13 23
13 26
13 29
13 30
13 31
14 23
14 26
14 29
14 30
14 31
14 36
15 19
15 27
15 33
16 17
16 19
16 20
16 21
16 22
16 23
16 24
16 25
16 27
16 29
16 30
16 31
16 33
16 34
16 35
16 36
16 37
16 38
16 39
16 42
16 43
16 44
16 48
16 49
16 52
16 53
16 55
16 58
16 60
16 66
17 18
17 19
17 20
17 21
17 22
17 23
17 24
17 25
17 26
17 29
17 30
17 31
17 34
17 35
17 36
17 37
17 38
17 39
17 42
17 43
17 44
17 55
17 58
18 26
18 29
18 30
20 21
20 22
20 23
20 24
20 25
20 27
20 31
20 32
20 33
20 34
20 35
20 37
20 38
20 39
20 41
20 42
20 43
20 44
20 48
20 49
20 52
20 53
20 55
20 57
20 58
20 60
20 63
20 64
20 65
20 66
20 67
20 74
20 78
21 22
21 23
21 24
21 25
21 26
21 29
21 30
21 31
21 33
21 34
21 35
21 36
21 37
21 38
21 39
21 42
21 43
21 44
21 52
21 53
21 55
21 58
21 60
21 66
21 69
21 71
22 23
22 24
22 25
22 27
22 31
22 32
22 33
22 34
22 35
22 37
22 38
22 39
22 41
22 42
22 43
22 44
22 47
22 48
22 49
22 52
22 53
22 55
22 57
22 58
22 60
22 62
22 63
22 64
22 65
22 66
22 67
22 74
22 78
23 26
23 29
23 30
23 31
23 36
23 38
24 25
24 27
24 31
24 32
24 33
24 34
24 35
24 36
24 37
24 38
24 39
24 41
24 42
24 43
24 44
24 48
24 49
24 52
24 53
24 55
24 57
24 58
24 60
24 62
24 63
24 64
24 65
24 66
24 67
24 69
24 71
24 72
24 74
24 78
25 26
25 29
25 30
25 31
25 33
25 34
25 35
25 36
25 37
25 38
25 39
25 42
25 43
25 44
25 52
25 53
25 55
25 58
25 60
25 66
25 69
25 71
26 29
26 30
26 31
27 33
27 41
27 44
27 49
28 40
28 46
28 51
29 30
29 31
29 36
29 38
30 31
30 36
30 38
31 36
31 38
32 33
32 40
32 41
32 42
32 43
32 45
32 46
32 47
32 48
32 50
32 51
32 52
32 54
32 56
32 57
32 59
32 61
32 64
32 67
32 68
32 73
32 74
32 75
32 78
32 85
32 87
33 41
33 44
33 49
33 53
33 62
34 35
34 36
34 37
34 38
34 39
34 42
34 43
34 53
34 55
34 58
34 60
34 66
34 69
34 71
35 36
35 37
35 38
35 39
35 42
35 43
35 55
35 58
35 66
35 69
35 71
36 38
37 38
37 39
37 42
37 43
37 44
37 53
37 55
37 58
37 60
37 63
37 65
37 66
37 69
37 71
37 72
37 81
37 82
38 58
39 41
39 42
39 43
39 44
39 48
39 49
39 52
39 53
39 55
39 57
39 58
39 60
39 63
39 65
39 66
39 67
39 69
39 70
39 71
39 72
39 74
39 77
39 78
39 80
39 81
39 82
39 88
40 46
40 50
40 51
40 54
40 56
40 59
41 44
41 49
41 62
42 43
42 44
42 47
42 48
42 49
42 52
42 53
42 55
42 57
42 58
42 60
42 62
42 63
42 64
42 65
42 66
42 67
42 68
42 69
42 70
42 71
42 72
42 73
42 74
42 76
42 77
42 78
42 80
42 81
42 82
42 83
42 88
42 90
43 44
43 47
43 48
43 49
43 52
43 53
43 55
43 57
43 58
43 60
43 62
43 63
43 64
43 65
43 66
43 67
43 68
43 69
43 70
43 71
43 72
43 73
43 74
43 76
43 77
43 78
43 80
43 81
43 82
43 83
43 88
43 90
44 49
44 53
44 60
44 62
44 63
44 65
45 46
45 47
45 48
45 50
45 51
45 52
45 54
45 56
45 57
45 59
45 61
45 64
45 67
45 68
45 73
45 74
45 75
45 78
45 79
45 85
45 86
45 87
45 89
45 91
45 92
46 50
46 51
46 54
46 56
46 59
47 48
47 49
47 50
47 51
47 52
47 54
47 56
47 57
47 59
47 61
47 62
47 64
47 67
47 68
47 73
47 74
47 75
47 76
47 78
47 79
47 85
47 86
47 87
47 89
47 91
47 92
48 49
48 50
48 51
48 52
48 53
48 54
48 55
48 56
48 57
48 59
48 60
48 62
48 63
48 64
48 65
48 67
48 68
48 70
48 72
48 73
48 74
48 76
48 78
48 80
48 83
48 85
48 86
48 87
48 89
49 53
49 60
49 62
49 63
49 65
49 70
50 51
50 54
50 56
50 59
50 61
51 54
51 56
51 59
52 53
52 54
52 55
52 57
52 59
52 60
52 62
52 63
52 64
52 65
52 67
52 68
52 70
52 72
52 73
52 74
52 76
52 77
52 78
52 80
52 83
52 85
52 86
52 87
52 89
53 60
53 62
53 63
53 65
53 66
53 70
53 72
53 77
53 80
54 56
54 59
54 61
54 75
55 57
55 58
55 60
55 62
55 63
55 65
55 66
55 67
55 69
55 70
55 71
55 72
55 74
55 77
55 78
55 80
55 81
55 82
55 83
55 88
55 90
56 59
56 61
56 75
56 79
57 59
57 60
57 62
57 63
57 64
57 65
57 67
57 68
57 70
57 72
57 73
57 74
57 75
57 76
57 78
57 80
57 83
57 85
57 86
57 87
57 89
57 92
57 93
57 94
57 95
57 97
58 66
58 69
58 71
59 61
59 75
60 62
60 63
60 65
60 66
60 70
60 72
60 77
60 80
60 81
60 82
60 83
61 75
61 79
62 63
62 65
62 70
62 72
62 76
62 77
62 80
62 83
63 65
63 70
63 72
63 76
63 77
63 80
63 81
63 83
64 65
64 67
64 68
64 70
64 73
64 74
64 75
64 76
64 78
64 80
64 85
64 86
64 87
64 89
64 91
64 92
64 93
64 94
64 95
64 97
65 70
65 72
65 76
65 77
65 80
65 81
65 83
66 69
66 71
66 72
66 77
66 81
66 82
67 68
67 70
67 72
67 73
67 74
67 76
67 77
67 78
67 80
67 81
67 83
67 85
67 86
67 87
67 88
67 89
67 90
67 92
67 93
67 94
67 95
67 97
68 70
68 73
68 74
68 75
68 76
68 78
68 79
68 85
68 86
68 87
68 89
68 91
68 92
68 93
68 94
68 95
68 97
68 99
69 71
69 81
69 82
70 72
70 76
70 77
70 80
70 81
70 83
71 72
71 77
71 81
71 82
71 88
72 77
72 80
72 81
72 82
72 83
72 88
72 90
73 74
73 75
73 76
73 78
73 79
73 80
73 83
73 85
73 86
73 87
73 89
73 91
73 92
73 93
73 94
73 95
73 97
73 99
74 76
74 77
74 78
74 80
74 81
74 82
74 83
74 85
74 86
74 87
74 88
74 89
74 90
74 93
74 94
74 95
74 97
75 79
75 91
75 92
75 93
75 94
76 80
76 83
76 85
76 86
76 89
77 80
77 81
77 82
77 83
77 88
77 90
78 80
78 81
78 82
78 83
78 85
78 86
78 87
78 88
78 89
78 90
78 91
78 92
78 93
78 94
78 95
78 97
79 84
79 91
79 96
80 81
80 82
80 83
80 88
80 90
81 82
81 83
81 88
81 90
82 83
82 88
82 90
83 88
83 90
84 96
84 98
85 86
85 87
85 89
85 95
86 87
86 89
87 89
87 92
87 93
87 94
87 95
87 97
88 90
89 95
91 92
91 93
91 94
91 95
91 96
91 97
91 99
92 93
92 94
92 95
92 96
92 97
92 99
93 94
93 95
93 97
93 99
94 95
94 97
94 99
95 97
95 99
96 98
96 99
97 99
