0 1
0 2
0 3
0 4
0 5
0 6
1 2
1 3
1 4
1 5
1 6
1 7
1 8
2 3
2 4
2 5
2 6
2 7
2 8
3 5
3 6
3 8
4 5
4 6
4 7
4 8
4 11
4 12
4 15
5 6
5 7
5 8
5 18
6 7
6 8
6 12
6 15
6 18
7 8
7 11
7 12
7 15
7 18
8 11
8 12
8 15
8 18
9 10
9 11
9 12
9 13
9 14
9 15
9 16
9 17
9 19
9 20
9 24
9 25
9 26
9 27
9 30
9 32
9 35
9 36
9 39
9 40
9 42
9 43
9 44
9 45
9 48
9 52
9 55
9 56
9 57
10 17
10 19
10 21
10 25
11 12
11 14
11 15
12 14
12 15
12 18
13 14
13 15
13 16
13 17
13 20
13 24
13 26
13 27
13 30
13 32
13 35
13 36
13 39
13 42
13 43
13 44
13 45
13 48
13 52
13 55
13 56
13 57
13 61
14 15
15 18
16 17
16 19
16 20
16 21
16 24
16 25
16 26
16 27
16 30
16 31
16 32
16 35
16 36
16 39
16 40
16 42
16 43
16 44
16 45
16 47
16 48
16 49
16 52
16 55
16 56
16 57
16 60
16 61
16 62
17 19
17 21
17 25
17 26
19 21
19 25
19 26
19 37
20 24
20 26
20 27
20 30
20 32
20 35
20 36
20 45
20 48
20 52
20 55
20 56
20 57
20 60
20 61
20 65
21 25
21 37
22 23
22 28
22 29
22 33
23 28
23 29
23 33
23 34
24 26
24 27
24 30
24 32
24 35
24 36
24 42
24 43
24 44
24 45
24 48
24 52
24 55
24 56
24 57
24 60
24 61
24 64
24 65
24 74
25 26
25 37
25 43
25 47
25 49
25 50
25 53
26 43
26 47
26 49
26 50
26 52
27 30
27 31
27 32
27 35
27 36
27 37
27 39
27 40
27 42
27 43
27 44
27 45
27 47
27 48
27 49
27 50
27 51
27 52
27 53
27 55
27 56
27 57
27 59
27 60
27 61
27 62
27 64
27 65
27 67
27 70
27 74
28 29
28 33
28 34
29 33
29 34
30 32
30 35
30 36
30 39
30 40
30 42
30 43
30 44
30 45
30 47
30 48
30 49
30 52
30 55
30 56
30 57
30 59
30 60
30 61
30 62
30 64
30 65
30 74
31 33
31 34
31 35
31 37
31 38
31 39
31 40
31 41
31 42
31 43
31 44
31 46
31 47
31 49
31 50
31 51
31 53
31 54
31 58
31 59
31 62
31 63
31 66
31 67
31 68
31 69
31 71
31 72
31 73
31 76
31 81
31 84
31 85
31 89
32 35
32 36
32 39
32 40
32 42
32 43
32 44
32 45
32 47
32 48
32 49
32 50
32 52
32 55
32 56
32 57
32 59
32 60
32 61
32 62
32 64
32 65
32 67
32 74
33 34
35 36
35 37
35 39
35 40
35 42
35 43
35 44
35 45
35 46
35 47
35 48
35 49
35 50
35 51
35 52
35 53
35 54
35 55
35 56
35 57
35 59
35 60
35 61
35 62
35 64
35 65
35 67
35 68
35 69
35 70
35 73
35 74
35 77
35 79
35 83
35 85
35 87
35 91
36 39
36 42
36 43
36 44
36 45
36 47
36 48
36 49
36 52
36 55
36 56
36 57
36 59
36 60
36 61
36 62
36 64
36 65
36 74
37 47
37 49
37 50
37 53
38 39
38 40
38 41
38 42
38 44
38 46
38 51
38 53
38 54
38 58
38 62
38 63
38 66
38 67
38 68
38 71
38 72
38 73
38 75
38 76
38 81
38 82
38 84
38 85
38 86
38 88
38 89
39 40
39 41
39 42
39 43
39 44
39 45
39 46
39 47
39 48
39 49
39 50
39 51
39 52
39 53
39 54
39 55
39 58
39 59
39 62
39 63
39 64
39 66
39 67
39 68
39 69
39 70
39 71
39 72
39 73
39 76
39 77
39 79
39 81
39 83
39 84
39 85
39 87
39 89
39 94
40 41
40 42
40 43
40 44
40 45
40 46
40 47
40 48
40 49
40 50
40 51
40 52
40 53
40 54
40 58
40 59
40 62
40 63
40 66
40 67
40 68
40 69
40 70
40 71
40 72
40 73
40 76
40 77
40 79
40 81
40 83
40 84
40 85
40 88
40 89
40 94
41 42
41 44
41 46
41 51
41 53
41 54
41 58
41 62
41 63
41 66
41 67
41 68
41 71
41 72
41 73
41 75
41 76
41 81
41 82
41 84
41 85
41 86
41 88
41 89
42 43
42 44
42 45
42 46
42 47
42 48
42 49
42 50
42 51
42 52
42 53
42 54
42 55
42 58
42 59
42 62
42 63
42 64
42 66
42 67
42 68
42 69
42 70
42 71
42 72
42 73
42 76
42 77
42 79
42 81
42 83
42 84
42 85
42 87
42 89
42 94
42 95
43 47
43 49
43 50
43 52
43 53
43 59
43 64
44 45
44 46
44 47
44 48
44 49
44 50
44 51
44 52
44 53
44 54
44 55
44 57
44 58
44 59
44 60
44 62
44 64
44 66
44 67
44 68
44 69
44 70
44 71
44 72
44 73
44 77
44 79
44 81
44 83
44 84
44 85
44 87
44 89
44 93
44 94
44 95
45 47
45 48
45 49
45 50
45 52
45 55
45 56
45 57
45 59
45 60
45 61
45 62
45 64
45 65
45 67
45 70
45 74
45 87
45 91
46 50
46 51
46 53
46 54
46 58
46 62
46 63
46 66
46 67
46 68
46 69
46 71
46 72
46 73
46 75
46 76
46 77
46 81
46 82
46 84
46 85
46 86
46 88
46 89
47 49
47 50
47 52
47 53
47 59
47 64
47 69
47 70
48 49
48 50
48 52
48 55
48 56
48 57
48 59
48 60
48 61
48 62
48 64
48 65
48 67
48 70
48 74
48 91
49 50
49 52
49 53
49 59
49 64
49 68
49 69
49 70
49 77
49 79
50 52
50 53
50 59
50 68
50 69
50 70
50 77
50 79
51 53
51 54
51 58
51 59
51 62
51 63
51 66
51 67
51 68
51 69
51 70
51 71
51 72
51 73
51 76
51 77
51 79
51 81
51 82
51 83
51 84
51 85
51 86
51 88
51 89
51 94
51 95
51 96
52 56
52 57
52 59
52 60
52 61
52 64
52 70
53 59
53 68
53 69
53 70
53 77
53 79
53 81
54 58
54 62
54 63
54 66
54 67
54 68
54 69
54 71
54 72
54 73
54 75
54 76
54 81
54 82
54 84
54 85
54 86
54 88
54 89
54 95
54 96
54 97
55 56
55 57
55 59
55 60
55 61
55 62
55 64
55 65
55 67
55 70
55 74
55 87
55 91
56 57
56 60
56 61
56 64
56 65
56 74
57 60
57 61
57 64
57 65
57 74
58 62
58 63
58 66
58 67
58 68
58 71
58 72
58 73
58 75
58 76
58 80
58 81
58 82
58 84
58 85
58 86
58 88
58 89
58 90
58 92
58 95
58 96
58 97
58 98
59 64
59 68
59 69
59 70
59 77
59 79
59 83
59 87
60 61
60 64
60 65
60 74
61 64
61 65
61 74
62 63
62 64
62 66
62 67
62 68
62 69
62 70
62 71
62 72
62 73
62 76
62 77
62 79
62 81
62 83
62 84
62 85
62 86
62 87
62 88
62 89
62 91
62 93
62 94
62 95
63 75
63 76
63 82
63 86
63 88
64 65
64 70
64 74
64 77
64 79
64 83
64 87
64 91
65 74
66 67
66 68
66 69
66 71
66 72
66 73
66 75
66 76
66 77
66 79
66 81
66 82
66 84
66 85
66 86
66 88
66 89
66 94
66 95
66 96
66 97
66 98
67 68
67 69
67 70
67 71
67 72
67 73
67 76
67 77
67 79
67 81
67 83
67 84
67 85
67 86
67 87
67 88
67 89
67 91
67 93
67 94
67 95
67 96
67 97
68 69
68 70
68 77
68 79
68 81
68 83
68 84
68 87
68 94
69 70
69 77
69 79
69 81
69 83
69 84
69 87
69 93
69 94
70 77
70 79
70 81
70 83
70 87
70 93
71 72
71 73
71 75
71 76
71 77
71 79
71 81
71 82
71 83
71 84
71 85
71 86
71 88
71 89
71 94
71 95
71 96
71 97
71 98
72 73
72 75
72 76
72 77
72 80
72 81
72 82
72 84
72 85
72 86
72 88
72 89
72 90
72 92
72 94
72 95
72 96
72 97
72 98
73 75
73 76
73 77
73 79
73 81
73 82
73 83
73 84
73 85
73 86
73 87
73 88
73 89
73 93
73 94
73 95
73 96
73 97
73 98
74 91
75 78
75 80
75 82
75 86
75 90
75 92
76 82
76 86
76 88
77 79
77 81
77 83
77 84
77 87
77 93
77 94
78 80
78 90
78 92
79 81
79 83
79 84
79 87
79 91
79 93
79 94
80 82
80 90
80 92
81 83
81 84
81 89
81 93
81 94
81 95
82 86
82 90
82 92
83 84
83 87
83 91
83 93
83 94
84 89
84 94
84 95
85 86
85 87
85 88
85 89
85 91
85 93
85 94
85 95
85 96
85 97
85 98
86 88
86 96
86 97
86 98
87 91
87 93
87 94
88 89
88 96
88 97
88 98
89 94
89 95
90 92
90 99
91 93
92 99
93 94
93 95
94 95
96 97
96 98
97 98
