0 1
0 3
0 4
0 5
0 6
0 7
0 8
0 11
0 12
1 2
1 3
1 4
1 5
1 6
1 7
1 8
1 9
1 10
1 11
1 12
1 13
1 14
2 3
2 9
2 10
2 12
2 14
3 4
3 5
3 6
3 7
3 8
3 9
3 10
3 11
3 12
3 13
3 14
4 5
4 6
4 7
4 8
4 10
4 11
4 12
4 13
4 14
5 6
5 7
5 8
5 10
5 11
5 12
5 13
5 14
6 7
6 8
6 11
6 12
6 13
6 14
7 8
7 11
7 12
7 13
7 14
8 11
8 12
8 13
8 14
9 10
9 12
9 13
9 14
10 11
10 12
10 13
10 14
10 22
11 12
11 13
11 14
12 13
12 14
12 22
13 14
13 22
14 22
14 23
15 16
15 17
15 18
15 19
15 21
15 24
15 26
15 29
15 30
15 32
15 33
15 34
15 35
15 37
15 39
15 40
15 41
15 43
15 45
15 46
15 47
15 51
15 52
15 53
15 55
15 58
15 59
15 60
15 61
16 17
16 18
16 19
16 21
16 22
16 23
16 24
16 26
16 30
16 32
16 33
16 35
16 37
16 39
16 40
16 45
16 46
16 47
16 51
16 52
16 53
16 55
16 59
17 19
17 24
17 29
18 19
18 21
18 22
18 23
18 24
18 26
18 30
18 32
18 33
18 35
18 37
18 39
18 40
18 45
18 46
18 47
18 51
18 52
18 53
18 55
18 59
18 61
19 24
19 29
20 25
20 27
20 28
20 29
20 31
21 24
21 26
21 29
21 30
21 32
21 33
21 34
21 35
21 37
21 39
21 40
21 41
21 43
21 44
21 45
21 46
21 47
21 51
21 52
21 53
21 55
21 57
21 58
21 59
21 60
21 61
21 63
21 64
21 65
21 68
21 71
21 76
22 23
22 26
22 33
23 26
23 33
24 29
24 45
25 27
25 28
25 29
25 31
25 44
26 33
27 28
27 29
27 31
27 38
28 31
28 36
28 38
29 31
29 44
30 32
30 33
30 34
30 35
30 37
30 39
30 40
30 41
30 43
30 44
30 45
30 46
30 47
30 51
30 52
30 53
30 55
30 58
30 59
30 60
30 61
30 63
30 64
30 65
30 68
30 71
30 76
31 44
32 33
32 35
32 37
32 39
32 40
32 43
32 45
32 46
32 47
32 51
32 52
32 53
32 55
32 58
32 59
32 61
32 68
32 79
34 35
34 36
34 37
34 38
34 41
34 42
34 43
34 44
34 46
34 48
34 49
34 50
34 52
34 54
34 55
34 56
34 57
34 58
34 59
34 60
34 62
34 63
34 64
34 65
34 66
34 67
34 70
34 71
34 72
34 73
34 76
34 78
34 80
35 37
35 39
35 40
35 41
35 43
35 44
35 45
35 46
35 47
35 51
35 52
35 53
35 55
35 57
35 58
35 59
35 60
35 61
35 63
35 64
35 65
35 67
35 68
35 71
35 73
35 76
35 77
35 78
35 79
36 38
36 42
36 48
36 50
36 54
36 66
37 39
37 40
37 41
37 43
37 44
37 45
37 46
37 47
37 49
37 51
37 52
37 53
37 55
37 57
37 58
37 59
37 60
37 61
37 63
37 64
37 65
37 67
37 68
37 71
37 73
37 76
37 77
37 78
37 79
38 42
38 48
38 50
38 54
39 40
39 45
39 47
39 51
39 52
39 53
39 55
39 59
39 61
39 68
39 79
40 45
40 46
40 47
40 51
40 52
40 53
40 55
40 59
40 61
40 68
40 77
40 79
41 42
41 43
41 44
41 46
41 48
41 49
41 50
41 52
41 54
41 55
41 56
41 57
41 58
41 59
41 60
41 62
41 63
41 64
41 65
41 66
41 67
41 70
41 71
41 72
41 73
41 76
41 78
41 80
41 85
42 48
42 50
42 54
42 66
42 69
43 44
43 45
43 46
43 48
43 49
43 50
43 52
43 54
43 55
43 56
43 57
43 58
43 59
43 60
43 62
43 63
43 64
43 65
43 66
43 67
43 70
43 71
43 72
43 73
43 76
43 78
43 80
43 85
43 89
44 64
44 65
45 53
45 61
46 48
46 49
46 50
46 51
46 52
46 53
46 55
46 56
46 57
46 58
46 59
46 60
46 61
46 62
46 63
46 64
46 65
46 67
46 70
46 71
46 72
46 73
46 76
46 77
46 78
46 80
46 83
46 85
46 86
46 89
46 90
47 51
47 52
47 53
47 55
47 59
47 61
47 68
47 79
48 50
48 54
48 66
48 69
49 50
49 54
49 55
49 56
49 57
49 58
49 60
49 62
49 63
49 64
49 65
49 66
49 67
49 69
49 70
49 71
49 72
49 76
49 78
49 80
49 81
49 87
50 54
50 66
50 69
51 52
51 53
51 55
51 59
51 61
51 68
51 77
51 79
51 88
52 53
52 55
52 58
52 59
52 60
52 61
52 63
52 64
52 65
52 68
52 71
52 73
52 76
52 77
52 79
52 88
53 61
53 65
53 68
54 66
54 69
55 56
55 57
55 58
55 59
55 60
55 61
55 62
55 63
55 64
55 65
55 67
55 70
55 71
55 72
55 73
55 76
55 77
55 78
55 80
55 83
55 84
55 85
55 86
55 89
55 90
55 91
56 57
56 58
56 60
56 62
56 63
56 66
56 67
56 69
56 70
56 71
56 72
56 74
56 75
56 76
56 78
56 80
56 81
56 87
56 89
56 92
56 94
56 95
57 58
57 60
57 62
57 63
57 64
57 65
57 66
57 67
57 69
57 70
57 71
57 72
57 73
57 76
57 78
57 80
57 81
57 85
57 86
57 87
57 89
57 90
57 91
57 94
57 95
58 59
58 60
58 61
58 62
58 63
58 64
58 65
58 66
58 67
58 70
58 71
58 72
58 73
58 76
58 77
58 78
58 80
58 81
58 83
58 84
58 85
58 86
58 87
58 89
58 90
58 91
58 94
58 95
59 60
59 61
59 63
59 64
59 65
59 68
59 71
59 73
59 76
59 77
59 79
59 84
59 88
60 61
60 62
60 63
60 64
60 65
60 66
60 67
60 70
60 71
60 72
60 73
60 76
60 77
60 78
60 80
60 81
60 83
60 84
60 85
60 86
60 87
60 89
60 90
60 91
60 94
60 95
61 64
61 65
61 68
61 77
62 63
62 64
62 66
62 67
62 69
62 70
62 71
62 72
62 75
62 76
62 78
62 80
62 81
62 85
62 87
62 89
62 90
62 91
62 92
62 94
62 95
63 64
63 65
63 66
63 67
63 69
63 70
63 71
63 72
63 73
63 76
63 78
63 80
63 81
63 83
63 85
63 86
63 87
63 89
63 90
63 91
63 94
63 95
64 65
64 73
65 73
65 77
66 69
66 75
67 69
67 70
67 71
67 72
67 73
67 76
67 78
67 80
67 81
67 83
67 85
67 86
67 87
67 89
67 90
67 91
67 92
67 94
67 95
68 79
69 74
69 75
69 81
70 71
70 72
70 74
70 75
70 76
70 78
70 80
70 81
70 85
70 87
70 89
70 90
70 91
70 92
70 93
70 94
70 95
71 72
71 73
71 76
71 77
71 78
71 80
71 81
71 83
71 84
71 85
71 86
71 87
71 89
71 90
71 91
71 94
71 95
72 73
72 75
72 76
72 78
72 80
72 81
72 83
72 85
72 86
72 87
72 89
72 90
72 91
72 92
72 93
72 94
72 95
73 77
73 83
73 84
73 85
73 86
73 90
74 75
74 82
75 82
75 93
76 77
76 78
76 80
76 81
76 83
76 84
76 85
76 86
76 87
76 89
76 90
76 91
76 94
76 95
77 79
77 83
77 84
78 80
78 81
78 83
78 84
78 85
78 86
78 87
78 89
78 90
78 91
78 92
78 94
78 95
79 88
80 85
80 86
80 87
80 89
80 90
80 91
80 94
81 87
81 92
81 94
81 95
82 93
82 96
82 97
82 98
82 99
83 84
83 85
83 86
83 90
83 91
84 86
85 86
85 89
85 90
85 91
86 89
86 90
86 91
87 89
87 92
87 94
87 95
89 90
89 91
89 94
89 95
90 91
92 93
92 95
92 97
93 96
93 97
93 98
93 99
94 95
96 97
96 98
96 99
97 98
97 99
98 99
