0 1
0 2
0 3
0 4
0 5
0 6
0 7
0 8
0 9
0 10
0 11
1 2
1 3
1 4
1 5
1 6
1 8
1 9
1 10
1 11
2 3
2 4
2 5
2 6
2 7
2 8
2 9
2 10
2 11
2 17
3 4
3 5
3 6
3 7
3 13
3 16
4 5
4 6
4 7
4 8
4 9
4 10
4 11
4 17
5 6
5 7
5 8
5 9
5 10
5 11
5 16
5 17
5 19
5 21
5 22
6 7
6 10
6 11
6 12
6 13
6 16
6 19
6 21
7 11
7 12
7 13
7 16
7 19
7 21
7 32
7 33
8 9
8 10
8 11
8 17
8 19
8 22
8 26
9 10
9 11
9 17
9 19
9 22
9 26
10 11
10 17
10 19
10 21
10 22
10 26
11 16
11 17
11 19
11 21
11 22
11 26
11 33
12 13
12 15
12 16
12 21
12 30
12 32
12 38
12 39
12 41
13 15
13 16
13 21
13 30
13 32
13 33
13 38
13 39
13 41
14 23
14 37
14 48
14 57
16 19
16 21
16 22
16 26
16 30
16 32
16 33
16 38
16 39
16 41
17 19
17 21
17 22
17 26
17 33
18 20
18 21
18 24
18 25
18 27
18 29
18 30
18 32
18 33
18 34
18 35
18 36
18 38
18 39
18 40
18 41
18 42
18 43
18 44
18 45
18 46
18 47
18 50
18 52
18 53
18 54
18 55
18 56
18 58
18 59
18 60
18 62
18 63
18 64
18 67
18 68
18 69
18 70
18 71
18 74
18 75
18 77
18 79
18 80
18 82
18 83
18 86
18 87
18 89
18 90
18 96
18 97
18 98
18 99
18 102
18 104
18 107
18 108
18 115
18 118
19 21
19 22
19 26
19 33
19 39
20 29
20 36
20 43
20 46
20 59
21 22
21 26
21 30
21 32
21 33
21 38
21 39
21 41
22 26
22 33
22 39
23 31
23 37
23 48
23 57
23 66
24 25
24 27
24 29
24 30
24 32
24 33
24 34
24 35
24 36
24 38
24 39
24 40
24 41
24 42
24 43
24 44
24 45
24 46
24 47
24 50
24 52
24 53
24 54
24 55
24 56
24 58
24 59
24 60
24 62
24 63
24 64
24 67
24 68
24 69
24 70
24 71
24 74
24 75
24 77
24 79
24 80
24 82
24 83
24 85
24 86
24 87
24 89
24 90
24 93
24 96
24 97
24 98
24 99
24 102
24 104
24 107
24 108
24 111
24 115
24 117
24 118
25 27
25 30
25 32
25 33
25 34
25 35
25 36
25 38
25 39
25 40
25 41
25 42
25 43
25 44
25 45
25 46
25 47
25 50
25 52
25 53
25 54
25 55
25 56
25 58
25 59
25 60
25 62
25 63
25 64
25 67
25 68
25 69
25 70
25 71
25 75
25 77
25 79
25 80
25 83
25 86
25 87
25 89
25 90
25 96
25 97
25 98
25 99
25 102
25 104
25 107
25 108
25 115
25 118
26 33
26 39
27 28
27 29
27 30
27 31
27 32
27 34
27 35
27 36
27 38
27 40
27 41
27 42
27 43
27 44
27 45
27 46
27 47
27 49
27 50
27 51
27 52
27 53
27 54
27 55
27 56
27 58
27 59
27 60
27 61
27 62
27 63
27 64
27 65
27 67
27 68
27 69
27 70
27 71
27 72
27 73
27 74
27 75
27 76
27 77
27 78
27 79
27 80
27 82
27 83
27 84
27 85
27 86
27 87
27 89
27 90
27 93
27 95
27 96
27 97
27 98
27 99
27 100
27 102
27 104
27 105
27 106
27 107
27 108
27 111
27 112
27 114
27 115
27 117
27 118
27 119
27 122
27 124
27 127
27 128
27 131
28 29
28 31
28 36
28 46
28 49
28 51
28 61
28 78
29 31
29 36
29 43
29 46
29 49
29 51
29 59
29 61
29 78
30 32
30 33
30 38
30 39
30 41
30 64
30 68
30 80
31 36
31 46
31 48
31 49
31 51
31 61
31 78
32 33
32 38
32 39
32 41
32 64
32 68
33 38
33 39
33 41
34 35
34 36
34 38
34 40
34 41
34 42
34 43
34 44
34 45
34 46
34 47
34 49
34 50
34 51
34 52
34 53
34 54
34 55
34 56
34 58
34 59
34 60
34 61
34 62
34 63
34 64
34 65
34 67
34 68
34 69
34 70
34 71
34 72
34 73
34 74
34 75
34 76
34 77
34 78
34 79
34 80
34 82
34 83
34 84
34 85
34 86
34 87
34 89
34 90
34 93
34 94
34 95
34 96
34 97
34 98
34 99
34 100
34 102
34 104
34 105
34 106
34 107
34 108
34 109
34 111
34 112
34 114
34 115
34 117
34 118
34 119
34 121
34 122
34 124
34 127
34 128
34 131
34 133
34 139
35 36
35 38
35 39
35 40
35 41
35 42
35 43
35 44
35 45
35 46
35 47
35 50
35 52
35 53
35 54
35 55
35 56
35 58
35 59
35 60
35 62
35 63
35 64
35 67
35 68
35 69
35 70
35 71
35 74
35 75
35 77
35 79
35 80
35 82
35 83
35 86
35 87
35 89
35 90
35 96
35 97
35 98
35 99
35 102
35 104
35 107
35 108
35 111
35 115
35 117
35 118
35 128
35 133
35 138
36 43
36 46
36 49
36 51
36 59
36 82
36 85
37 48
37 57
37 66
38 39
38 41
38 64
38 68
38 80
39 41
39 64
39 68
39 80
40 41
40 42
40 43
40 44
40 45
40 47
40 50
40 52
40 53
40 54
40 55
40 56
40 58
40 59
40 60
40 62
40 63
40 64
40 67
40 68
40 69
40 70
40 71
40 75
40 77
40 79
40 80
40 83
40 86
40 87
40 89
40 90
40 96
40 97
40 98
40 99
40 102
40 104
40 107
40 108
40 111
40 115
40 118
40 128
40 133
40 138
41 64
41 68
41 80
42 43
42 44
42 45
42 46
42 47
42 49
42 50
42 51
42 52
42 53
42 54
42 55
42 56
42 58
42 59
42 60
42 62
42 63
42 64
42 65
42 67
42 68
42 69
42 70
42 71
42 74
42 75
42 76
42 77
42 78
42 79
42 80
42 82
42 83
42 84
42 85
42 86
42 87
42 89
42 90
42 93
42 95
42 96
42 97
42 98
42 99
42 100
42 102
42 104
42 105
42 106
42 107
42 108
42 111
42 112
42 114
42 115
42 117
42 118
42 119
42 121
42 122
42 124
42 127
42 128
42 131
42 133
42 138
42 139
42 141
42 143
42 146
42 147
43 46
43 49
43 51
43 59
43 82
43 85
43 89
43 93
44 45
44 46
44 47
44 49
44 50
44 51
44 52
44 53
44 54
44 55
44 56
44 58
44 59
44 60
44 62
44 63
44 64
44 65
44 67
44 68
44 69
44 70
44 71
44 74
44 75
44 76
44 77
44 78
44 79
44 80
44 82
44 83
44 85
44 86
44 87
44 89
44 90
44 93
44 96
44 97
44 98
44 99
44 100
44 102
44 104
44 105
44 106
44 107
44 108
44 111
44 112
44 114
44 115
44 117
44 118
44 119
44 121
44 122
44 124
44 127
44 128
44 131
44 133
44 138
44 139
44 143
44 146
44 147
44 152
45 46
45 47
45 50
45 51
45 52
45 53
45 54
45 55
45 56
45 58
45 59
45 60
45 62
45 63
45 64
45 65
45 67
45 68
45 69
45 70
45 71
45 74
45 75
45 76
45 77
45 79
45 80
45 82
45 83
45 85
45 86
45 87
45 89
45 90
45 93
45 96
45 97
45 98
45 99
45 100
45 102
45 104
45 107
45 108
45 111
45 112
45 114
45 115
45 117
45 118
45 119
45 122
45 124
45 127
45 128
45 131
45 133
45 138
45 139
45 146
45 147
46 49
46 51
46 59
46 61
46 78
46 82
46 85
46 89
46 93
47 50
47 52
47 53
47 54
47 55
47 56
47 58
47 59
47 60
47 62
47 63
47 64
47 67
47 68
47 69
47 70
47 71
47 75
47 77
47 79
47 80
47 83
47 86
47 87
47 89
47 90
47 96
47 97
47 98
47 99
47 102
47 104
47 107
47 108
47 111
47 115
47 118
47 128
47 133
47 138
48 57
48 61
48 66
49 51
49 59
49 61
49 78
49 82
49 85
50 51
50 52
50 53
50 54
50 55
50 56
50 58
50 59
50 60
50 61
50 62
50 63
50 64
50 65
50 67
50 68
50 69
50 70
50 71
50 72
50 73
50 74
50 75
50 76
50 77
50 78
50 79
50 80
50 82
50 83
50 84
50 85
50 86
50 87
50 89
50 90
50 92
50 93
50 94
50 95
50 96
50 97
50 98
50 99
50 100
50 102
50 104
50 105
50 106
50 107
50 108
50 109
50 110
50 111
50 112
50 113
50 114
50 115
50 116
50 117
50 118
50 119
50 121
50 122
50 123
50 124
50 125
50 126
50 127
50 128
50 131
50 133
50 138
50 139
50 141
50 143
50 145
50 146
50 147
50 149
50 152
51 59
51 61
51 78
51 82
51 85
51 100
52 53
52 54
52 55
52 56
52 58
52 59
52 60
52 62
52 63
52 64
52 67
52 68
52 69
52 70
52 71
52 75
52 77
52 79
52 80
52 83
52 86
52 87
52 89
52 90
52 96
52 97
52 98
52 99
52 102
52 104
52 107
52 108
52 111
52 115
52 118
52 128
52 133
52 138
53 54
53 55
53 56
53 58
53 59
53 60
53 62
53 63
53 64
53 65
53 67
53 68
53 69
53 70
53 71
53 74
53 75
53 76
53 77
53 79
53 80
53 82
53 83
53 85
53 86
53 87
53 89
53 90
53 93
53 96
53 97
53 98
53 99
53 100
53 102
53 104
53 107
53 108
53 111
53 112
53 114
53 115
53 117
53 118
53 119
53 122
53 124
53 127
53 128
53 131
53 133
53 138
53 139
53 146
53 147
53 152
54 55
54 56
54 58
54 59
54 60
54 62
54 63
54 64
54 65
54 67
54 68
54 69
54 70
54 71
54 74
54 75
54 76
54 77
54 78
54 79
54 80
54 82
54 83
54 84
54 85
54 86
54 87
54 89
54 90
54 93
54 95
54 96
54 97
54 98
54 99
54 100
54 102
54 104
54 105
54 106
54 107
54 108
54 111
54 112
54 114
54 115
54 116
54 117
54 118
54 119
54 121
54 122
54 124
54 127
54 128
54 131
54 133
54 138
54 139
54 141
54 143
54 146
54 147
54 152
55 56
55 58
55 59
55 60
55 62
55 63
55 64
55 67
55 68
55 69
55 70
55 71
55 75
55 77
55 79
55 80
55 83
55 86
55 87
55 89
55 90
55 96
55 97
55 98
55 99
55 102
55 104
55 107
55 108
55 111
55 115
55 118
55 128
55 133
55 138
55 147
56 58
56 59
56 60
56 61
56 62
56 63
56 64
56 65
56 67
56 68
56 69
56 70
56 71
56 72
56 73
56 74
56 75
56 76
56 77
56 78
56 79
56 80
56 82
56 83
56 84
56 85
56 86
56 87
56 89
56 90
56 92
56 93
56 94
56 95
56 96
56 97
56 98
56 99
56 100
56 102
56 104
56 105
56 106
56 107
56 108
56 109
56 110
56 111
56 112
56 113
56 114
56 115
56 116
56 117
56 118
56 119
56 121
56 122
56 123
56 124
56 125
56 126
56 127
56 128
56 131
56 133
56 138
56 139
56 141
56 143
56 144
56 145
56 146
56 147
56 149
56 152
56 157
56 159
56 162
57 61
57 66
58 59
58 60
58 61
58 62
58 63
58 64
58 65
58 67
58 68
58 69
58 70
58 71
58 72
58 73
58 74
58 75
58 76
58 77
58 78
58 79
58 80
58 82
58 83
58 84
58 85
58 86
58 87
58 89
58 90
58 93
58 94
58 95
58 96
58 97
58 98
58 99
58 100
58 102
58 104
58 105
58 106
58 107
58 108
58 109
58 111
58 112
58 113
58 114
58 115
58 116
58 117
58 118
58 119
58 121
58 122
58 124
58 125
58 127
58 128
58 131
58 133
58 138
58 139
58 141
58 143
58 145
58 146
58 147
58 152
58 157
58 162
59 78
59 82
59 85
59 89
59 93
59 98
59 100
60 61
60 62
60 63
60 64
60 65
60 67
60 68
60 69
60 70
60 71
60 72
60 73
60 74
60 75
60 76
60 77
60 78
60 79
60 80
60 82
60 83
60 84
60 85
60 86
60 87
60 89
60 90
60 93
60 94
60 95
60 96
60 97
60 98
60 99
60 100
60 102
60 104
60 105
60 106
60 107
60 108
60 109
60 111
60 112
60 113
60 114
60 115
60 116
60 117
60 118
60 119
60 121
60 122
60 124
60 125
60 127
60 128
60 131
60 133
60 138
60 139
60 141
60 143
60 145
60 146
60 147
60 152
60 157
60 162
61 78
62 63
62 64
62 65
62 67
62 68
62 69
62 70
62 71
62 72
62 73
62 74
62 75
62 76
62 77
62 78
62 79
62 80
62 82
62 83
62 84
62 85
62 86
62 87
62 89
62 90
62 92
62 93
62 94
62 95
62 96
62 97
62 98
62 99
62 100
62 102
62 104
62 105
62 106
62 107
62 108
62 109
62 111
62 112
62 113
62 114
62 115
62 116
62 117
62 118
62 119
62 121
62 122
62 124
62 125
62 126
62 127
62 128
62 131
62 133
62 138
62 139
62 141
62 143
62 145
62 146
62 147
62 149
62 152
62 157
62 162
63 64
63 65
63 67
63 68
63 69
63 70
63 71
63 74
63 75
63 76
63 77
63 78
63 79
63 80
63 82
63 83
63 84
63 85
63 86
63 87
63 89
63 90
63 93
63 95
63 96
63 97
63 98
63 99
63 100
63 102
63 104
63 105
63 106
63 107
63 108
63 111
63 112
63 114
63 115
63 116
63 117
63 118
63 119
63 121
63 122
63 124
63 127
63 128
63 131
63 133
63 138
63 139
63 141
63 143
63 145
63 146
63 147
63 152
63 162
64 68
64 80
64 97
65 66
65 70
65 71
65 72
65 73
65 74
65 75
65 76
65 77
65 78
65 79
65 81
65 82
65 83
65 84
65 85
65 86
65 88
65 89
65 90
65 91
65 92
65 93
65 94
65 95
65 96
65 99
65 100
65 101
65 102
65 104
65 105
65 106
65 108
65 109
65 110
65 112
65 113
65 114
65 116
65 117
65 119
65 121
65 123
65 125
65 126
65 127
65 132
65 136
65 137
65 142
65 144
65 145
65 149
65 150
65 151
65 156
65 159
65 170
66 81
66 88
67 68
67 69
67 70
67 71
67 74
67 75
67 77
67 79
67 80
67 82
67 83
67 85
67 86
67 87
67 89
67 90
67 93
67 96
67 97
67 98
67 99
67 100
67 102
67 104
67 107
67 108
67 111
67 112
67 114
67 115
67 117
67 118
67 119
67 122
67 124
67 127
67 128
67 131
67 133
67 138
67 139
67 143
67 146
67 147
67 152
68 80
68 97
69 70
69 71
69 75
69 77
69 79
69 80
69 83
69 86
69 87
69 89
69 90
69 96
69 97
69 98
69 99
69 102
69 104
69 107
69 108
69 111
69 115
69 118
69 128
69 133
69 138
69 147
70 71
70 72
70 73
70 74
70 75
70 76
70 77
70 78
70 79
70 80
70 82
70 83
70 84
70 85
70 86
70 87
70 89
70 90
70 91
70 92
70 93
70 94
70 95
70 96
70 97
70 98
70 99
70 100
70 102
70 104
70 105
70 106
70 107
70 108
70 109
70 110
70 111
70 112
70 113
70 114
70 115
70 116
70 117
70 118
70 119
70 121
70 122
70 123
70 124
70 125
70 126
70 127
70 128
70 131
70 133
70 138
70 139
70 141
70 143
70 144
70 145
70 146
70 147
70 149
70 151
70 152
70 156
70 157
70 158
70 159
70 161
70 162
70 164
70 165
70 169
70 173
71 72
71 73
71 74
71 75
71 76
71 77
71 78
71 79
71 80
71 82
71 83
71 84
71 85
71 86
71 87
71 89
71 90
71 93
71 94
71 95
71 96
71 97
71 98
71 99
71 100
71 102
71 104
71 105
71 106
71 107
71 108
71 109
71 111
71 112
71 113
71 114
71 115
71 116
71 117
71 118
71 119
71 121
71 122
71 124
71 125
71 126
71 127
71 128
71 131
71 133
71 138
71 139
71 141
71 143
71 145
71 146
71 147
71 149
71 152
71 157
71 162
71 165
71 169
71 173
72 73
72 74
72 76
72 77
72 78
72 79
72 81
72 84
72 85
72 86
72 88
72 91
72 92
72 94
72 95
72 100
72 101
72 102
72 103
72 105
72 106
72 109
72 110
72 113
72 116
72 117
72 123
72 125
72 126
72 127
72 132
72 134
72 135
72 136
72 137
72 140
72 142
72 144
72 149
72 150
72 156
72 159
72 160
72 170
72 171
72 174
73 74
73 76
73 77
73 78
73 79
73 81
73 82
73 84
73 85
73 86
73 88
73 91
73 92
73 94
73 95
73 99
73 100
73 101
73 102
73 103
73 105
73 106
73 109
73 110
73 113
73 116
73 117
73 121
73 123
73 125
73 126
73 127
73 132
73 134
73 135
73 136
73 137
73 140
73 142
73 144
73 149
73 150
73 156
73 159
73 160
73 170
73 171
73 174
74 75
74 76
74 77
74 78
74 79
74 81
74 82
74 83
74 84
74 85
74 86
74 87
74 89
74 90
74 91
74 92
74 93
74 94
74 95
74 96
74 98
74 99
74 100
74 101
74 102
74 104
74 105
74 106
74 107
74 108
74 109
74 110
74 111
74 112
74 113
74 114
74 116
74 117
74 119
74 121
74 122
74 123
74 124
74 125
74 126
74 127
74 131
74 136
74 137
74 141
74 143
74 144
74 145
74 149
74 150
74 151
74 156
74 158
74 159
74 161
74 164
74 170
74 174
74 177
75 76
75 77
75 79
75 80
75 82
75 83
75 85
75 86
75 87
75 89
75 90
75 93
75 95
75 96
75 97
75 98
75 99
75 100
75 102
75 104
75 105
75 106
75 107
75 108
75 111
75 112
75 114
75 115
75 116
75 117
75 118
75 119
75 121
75 122
75 124
75 127
75 128
75 131
75 133
75 138
75 139
75 141
75 143
75 145
75 146
75 147
75 152
75 157
75 162
76 77
76 78
76 79
76 81
76 82
76 83
76 84
76 85
76 86
76 88
76 89
76 90
76 91
76 92
76 93
76 94
76 95
76 96
76 98
76 99
76 100
76 101
76 102
76 104
76 105
76 106
76 108
76 109
76 110
76 112
76 113
76 114
76 116
76 117
76 119
76 121
76 123
76 124
76 125
76 126
76 127
76 132
76 136
76 137
76 141
76 142
76 144
76 145
76 149
76 150
76 151
76 156
76 159
76 161
76 164
76 170
76 171
76 174
77 78
77 79
77 80
77 82
77 83
77 84
77 85
77 86
77 87
77 89
77 90
77 91
77 92
77 93
77 94
77 95
77 96
77 97
77 98
77 99
77 100
77 102
77 104
77 105
77 106
77 107
77 108
77 109
77 110
77 111
77 112
77 113
77 114
77 115
77 116
77 117
77 118
77 119
77 121
77 122
77 123
77 124
77 125
77 126
77 127
77 128
77 131
77 133
77 138
77 139
77 141
77 143
77 144
77 145
77 146
77 147
77 149
77 151
77 152
77 156
77 157
77 158
77 159
77 161
77 162
77 164
77 165
77 169
77 173
78 82
78 85
78 93
78 100
78 116
79 80
79 82
79 83
79 84
79 85
79 86
79 87
79 89
79 90
79 92
79 93
79 94
79 95
79 96
79 97
79 98
79 99
79 100
79 102
79 104
79 105
79 106
79 107
79 108
79 109
79 110
79 111
79 112
79 113
79 114
79 115
79 116
79 117
79 118
79 119
79 121
79 122
79 123
79 124
79 125
79 126
79 127
79 128
79 131
79 133
79 138
79 139
79 141
79 143
79 144
79 145
79 146
79 147
79 149
79 151
79 152
79 157
79 158
79 159
79 162
79 165
79 169
79 173
80 97
81 88
81 103
81 132
81 134
82 85
82 89
82 93
82 98
82 100
82 107
82 111
82 112
82 114
82 116
82 119
82 121
82 122
82 124
82 125
83 85
83 86
83 87
83 89
83 90
83 93
83 95
83 96
83 97
83 98
83 99
83 100
83 102
83 104
83 105
83 106
83 107
83 108
83 111
83 112
83 114
83 115
83 116
83 117
83 118
83 119
83 121
83 122
83 124
83 125
83 127
83 128
83 131
83 133
83 138
83 139
83 141
83 143
83 145
83 146
83 147
83 152
83 157
83 162
83 165
83 169
83 173
84 85
84 86
84 88
84 91
84 92
84 93
84 94
84 95
84 96
84 99
84 100
84 101
84 102
84 105
84 106
84 109
84 110
84 113
84 114
84 116
84 117
84 119
84 121
84 123
84 125
84 126
84 127
84 132
84 134
84 135
84 136
84 137
84 140
84 142
84 144
84 145
84 149
84 150
84 151
84 156
84 159
84 160
84 161
84 164
84 170
84 171
84 174
84 176
84 177
84 179
84 180
84 183
85 89
85 93
85 98
85 100
85 107
85 111
85 112
85 114
85 116
85 119
85 121
85 122
85 124
85 125
85 126
85 141
85 145
86 87
86 89
86 90
86 91
86 92
86 93
86 94
86 95
86 96
86 97
86 98
86 99
86 100
86 102
86 104
86 105
86 106
86 107
86 108
86 109
86 110
86 111
86 112
86 113
86 114
86 115
86 116
86 117
86 118
86 119
86 121
86 122
86 123
86 124
86 125
86 126
86 127
86 128
86 131
86 133
86 138
86 139
86 141
86 143
86 144
86 145
86 146
86 147
86 149
86 151
86 152
86 156
86 157
86 158
86 159
86 161
86 162
86 164
86 165
86 169
86 173
86 184
87 89
87 90
87 93
87 96
87 97
87 98
87 99
87 100
87 102
87 104
87 107
87 108
87 111
87 112
87 114
87 115
87 117
87 118
87 119
87 121
87 122
87 124
87 127
87 128
87 131
87 133
87 138
87 139
87 141
87 143
87 146
87 147
87 152
87 157
87 162
88 103
88 130
88 132
88 134
88 135
88 136
88 140
88 142
89 93
89 98
89 100
89 107
89 111
89 112
89 114
89 116
89 119
89 121
89 122
89 124
89 131
89 139
89 141
89 143
89 146
90 93
90 96
90 97
90 98
90 99
90 100
90 102
90 104
90 105
90 106
90 107
90 108
90 111
90 112
90 114
90 115
90 116
90 117
90 118
90 119
90 121
90 122
90 124
90 127
90 128
90 131
90 133
90 138
90 139
90 141
90 143
90 145
90 146
90 147
90 152
90 157
90 162
90 165
90 169
90 173
91 92
91 94
91 95
91 101
91 103
91 105
91 106
91 109
91 110
91 113
91 117
91 120
91 123
91 126
91 127
91 129
91 130
91 132
91 134
91 135
91 136
91 137
91 140
91 142
91 144
91 148
91 149
91 150
91 153
91 154
91 156
91 159
91 160
91 163
91 166
91 170
91 171
91 174
91 176
91 179
91 180
91 183
91 186
91 188
92 94
92 95
92 100
92 101
92 102
92 103
92 105
92 106
92 109
92 110
92 113
92 116
92 117
92 120
92 123
92 125
92 126
92 127
92 130
92 132
92 134
92 135
92 136
92 137
92 140
92 142
92 144
92 149
92 150
92 154
92 156
92 159
92 160
92 161
92 166
92 170
92 171
92 174
92 176
92 177
92 179
92 180
92 183
92 186
92 188
93 98
93 100
93 107
93 111
93 112
93 114
93 116
93 119
93 121
93 122
93 124
93 125
93 126
93 131
93 139
93 141
93 143
93 145
94 95
94 96
94 99
94 100
94 101
94 102
94 103
94 105
94 106
94 109
94 110
94 113
94 116
94 117
94 121
94 123
94 125
94 126
94 127
94 130
94 132
94 134
94 135
94 136
94 137
94 140
94 142
94 144
94 145
94 149
94 150
94 151
94 154
94 156
94 159
94 160
94 161
94 164
94 166
94 170
94 171
94 174
94 176
94 177
94 179
94 180
94 183
94 186
94 188
95 96
95 99
95 100
95 101
95 102
95 104
95 105
95 106
95 108
95 109
95 110
95 112
95 113
95 114
95 116
95 117
95 119
95 121
95 123
95 124
95 125
95 126
95 127
95 132
95 134
95 135
95 136
95 137
95 140
95 141
95 142
95 144
95 145
95 149
95 150
95 151
95 156
95 158
95 159
95 160
95 161
95 164
95 170
95 171
95 174
95 176
95 177
95 179
95 180
95 183
95 185
95 186
95 188
96 97
96 98
96 99
96 100
96 102
96 104
96 105
96 106
96 107
96 108
96 109
96 111
96 112
96 113
96 114
96 115
96 116
96 117
96 118
96 119
96 121
96 122
96 124
96 125
96 126
96 127
96 128
96 131
96 133
96 138
96 139
96 141
96 143
96 145
96 146
96 147
96 149
96 151
96 152
96 157
96 158
96 162
96 165
96 169
96 173
96 184
97 115
97 118
98 100
98 107
98 111
98 112
98 114
98 115
98 116
98 119
98 121
98 122
98 124
98 131
98 139
98 141
98 143
98 145
98 146
98 147
99 100
99 102
99 104
99 105
99 106
99 107
99 108
99 109
99 111
99 112
99 113
99 114
99 115
99 116
99 117
99 118
99 119
99 121
99 122
99 124
99 125
99 126
99 127
99 128
99 131
99 133
99 138
99 139
99 141
99 143
99 144
99 145
99 146
99 147
99 149
99 151
99 152
99 157
99 158
99 159
99 161
99 162
99 164
99 165
99 169
99 173
99 184
100 111
100 112
100 114
100 116
100 119
100 121
100 122
100 124
100 125
100 126
100 131
100 141
100 143
100 145
100 151
101 103
101 105
101 106
101 109
101 110
101 113
101 117
101 120
101 123
101 127
101 129
101 130
101 132
101 134
101 135
101 136
101 137
101 140
101 142
101 144
101 148
101 149
101 150
101 153
101 154
101 156
101 159
101 160
101 163
101 166
101 167
101 168
101 170
101 171
101 172
101 174
101 176
101 179
101 180
101 183
101 186
101 188
101 189
101 191
102 104
102 105
102 106
102 107
102 108
102 109
102 110
102 111
102 112
102 113
102 114
102 115
102 116
102 117
102 118
102 119
102 121
102 122
102 123
102 124
102 125
102 126
102 127
102 128
102 131
102 133
102 138
102 139
102 141
102 143
102 144
102 145
102 146
102 147
102 149
102 151
102 152
102 156
102 157
102 158
102 159
102 161
102 162
102 164
102 165
102 169
102 173
102 184
103 120
103 129
103 130
103 134
103 135
103 140
103 148
103 153
103 154
104 105
104 106
104 107
104 108
104 111
104 112
104 114
104 115
104 116
104 117
104 118
104 119
104 121
104 122
104 124
104 125
104 126
104 127
104 128
104 131
104 133
104 138
104 139
104 141
104 143
104 145
104 146
104 147
104 151
104 152
104 157
104 158
104 162
104 165
104 169
104 173
104 184
105 106
105 108
105 109
105 110
105 112
105 113
105 114
105 116
105 117
105 119
105 121
105 122
105 123
105 124
105 125
105 126
105 127
105 132
105 134
105 135
105 136
105 137
105 140
105 141
105 142
105 143
105 144
105 145
105 149
105 150
105 151
105 156
105 158
105 159
105 160
105 161
105 164
105 165
105 169
105 170
105 171
105 174
105 176
105 177
105 179
105 180
105 183
105 185
105 186
105 188
106 108
106 109
106 110
106 112
106 113
106 114
106 116
106 117
106 119
106 121
106 122
106 123
106 124
106 125
106 126
106 127
106 132
106 134
106 136
106 137
106 140
106 141
106 142
106 143
106 144
106 145
106 149
106 150
106 151
106 156
106 157
106 158
106 159
106 160
106 161
106 164
106 165
106 169
106 170
106 171
106 174
106 176
106 177
106 179
106 180
106 183
106 185
106 186
106 188
107 111
107 112
107 114
107 115
107 118
107 119
107 121
107 122
107 124
107 128
107 131
107 133
107 138
107 139
107 141
107 143
107 146
107 147
107 152
107 162
108 111
108 112
108 114
108 115
108 116
108 117
108 118
108 119
108 121
108 122
108 124
108 125
108 126
108 127
108 128
108 131
108 133
108 138
108 139
108 141
108 143
108 145
108 146
108 147
108 151
108 152
108 157
108 158
108 162
108 165
108 169
108 173
108 184
109 110
109 112
109 113
109 114
109 116
109 117
109 119
109 121
109 123
109 124
109 125
109 126
109 127
109 132
109 134
109 135
109 136
109 137
109 140
109 141
109 142
109 144
109 145
109 149
109 150
109 151
109 154
109 156
109 158
109 159
109 160
109 161
109 164
109 166
109 170
109 171
109 174
109 176
109 177
109 179
109 180
109 183
109 185
109 186
109 188
109 191
110 113
110 116
110 117
110 120
110 121
110 123
110 125
110 126
110 127
110 129
110 130
110 132
110 134
110 135
110 136
110 137
110 140
110 142
110 144
110 149
110 150
110 151
110 153
110 154
110 156
110 159
110 160
110 161
110 163
110 164
110 166
110 170
110 171
110 174
110 176
110 177
110 179
110 180
110 183
110 185
110 186
110 188
110 189
110 191
111 112
111 114
111 115
111 118
111 119
111 121
111 122
111 124
111 128
111 131
111 133
111 138
111 139
111 141
111 143
111 145
111 146
111 147
111 152
111 157
111 162
112 114
112 116
112 119
112 121
112 122
112 124
112 125
112 126
112 131
112 139
112 141
112 143
112 145
112 146
112 147
112 151
112 152
112 157
112 158
112 162
112 165
112 169
113 114
113 116
113 117
113 119
113 121
113 123
113 125
113 126
113 127
113 130
113 132
113 134
113 135
113 136
113 137
113 140
113 141
113 142
113 144
113 145
113 149
113 150
113 151
113 154
113 156
113 158
113 159
113 160
113 161
113 164
113 166
113 170
113 171
113 174
113 176
113 177
113 179
113 180
113 183
113 185
113 186
113 188
113 191
114 116
114 119
114 121
114 122
114 124
114 125
114 126
114 131
114 139
114 141
114 143
114 145
114 146
114 147
114 151
114 157
114 158
114 162
114 165
114 169
115 118
115 122
115 128
115 131
115 133
115 138
115 139
115 146
115 147
115 152
116 119
116 121
116 122
116 124
116 125
116 126
116 131
116 141
116 143
116 145
116 151
116 157
116 158
116 161
116 164
116 165
117 119
117 121
117 122
117 123
117 124
117 125
117 126
117 127
117 131
117 132
117 136
117 137
117 139
117 141
117 143
117 144
117 145
117 146
117 147
117 149
117 150
117 151
117 152
117 156
117 157
117 158
117 159
117 161
117 162
117 164
117 165
117 169
117 170
117 171
117 173
117 174
117 177
117 179
117 183
117 184
117 185
117 188
118 128
118 133
118 138
118 147
118 152
119 121
119 122
119 124
119 125
119 126
119 131
119 139
119 141
119 143
119 145
119 146
119 147
119 151
119 157
119 158
119 161
119 162
119 164
119 165
119 169
119 173
120 129
120 130
120 134
120 135
120 140
120 148
120 153
120 154
120 155
120 163
120 167
120 168
120 172
121 122
121 124
121 125
121 126
121 131
121 139
121 141
121 143
121 145
121 146
121 151
121 157
121 158
121 161
121 164
121 165
121 169
122 124
122 125
122 128
122 131
122 133
122 139
122 141
122 143
122 145
122 146
122 147
122 151
122 152
122 157
122 158
122 162
122 165
122 169
122 173
123 125
123 126
123 127
123 130
123 132
123 134
123 135
123 136
123 137
123 140
123 142
123 144
123 145
123 149
123 150
123 151
123 154
123 156
123 158
123 159
123 160
123 161
123 164
123 166
123 170
123 171
123 174
123 176
123 177
123 179
123 180
123 183
123 185
123 186
123 188
123 189
123 191
123 195
124 125
124 126
124 131
124 139
124 141
124 143
124 145
124 146
124 147
124 151
124 152
124 157
124 158
124 161
124 162
124 164
124 165
124 169
124 173
125 126
125 141
125 143
125 145
125 151
125 157
125 158
125 161
125 164
125 165
125 169
125 177
126 141
126 143
126 145
126 151
126 158
126 161
126 164
126 165
126 177
127 131
127 132
127 136
127 137
127 139
127 141
127 143
127 144
127 145
127 146
127 147
127 149
127 150
127 151
127 152
127 156
127 157
127 158
127 159
127 160
127 161
127 162
127 164
127 165
127 169
127 170
127 171
127 173
127 174
127 177
127 179
127 183
127 184
127 185
127 186
127 188
128 131
128 133
128 138
128 139
128 146
128 147
128 152
128 162
129 130
129 134
129 135
129 140
129 148
129 153
129 154
129 155
129 163
129 166
129 167
129 168
129 172
129 175
129 178
130 132
130 134
130 135
130 140
130 142
130 148
130 153
130 154
130 155
130 163
130 166
130 167
130 168
130 172
130 178
131 133
131 138
131 139
131 141
131 143
131 145
131 146
131 147
131 151
131 152
131 157
131 158
131 162
131 165
131 169
131 173
132 134
132 135
132 136
132 140
132 142
132 154
132 160
132 166
132 171
132 176
132 180
133 138
133 139
133 146
133 147
133 152
133 162
134 135
134 136
134 140
134 142
134 148
134 153
134 154
134 160
134 163
134 166
134 167
134 176
135 136
135 140
135 142
135 148
135 153
135 154
135 160
135 163
135 166
135 167
135 172
135 176
136 140
136 142
136 154
136 160
136 166
136 170
136 171
136 176
136 180
137 140
137 142
137 144
137 148
137 149
137 150
137 153
137 154
137 156
137 159
137 160
137 163
137 166
137 167
137 168
137 170
137 171
137 172
137 174
137 176
137 177
137 178
137 179
137 180
137 183
137 186
137 187
137 188
137 189
137 190
137 191
137 192
137 193
137 194
137 195
138 139
138 146
138 147
138 152
138 162
139 141
139 143
139 145
139 146
139 147
139 152
139 157
139 158
139 162
139 165
139 169
139 173
140 142
140 148
140 153
140 154
140 160
140 163
140 166
140 176
140 180
141 143
141 145
141 146
141 147
141 151
141 152
141 157
141 158
141 161
141 162
141 164
141 165
141 169
141 173
141 184
142 154
142 160
142 166
142 171
142 176
142 180
143 145
143 146
143 147
143 151
143 152
143 157
143 158
143 161
143 162
143 164
143 165
143 169
143 173
143 184
144 145
144 149
144 150
144 151
144 154
144 156
144 158
144 159
144 160
144 161
144 164
144 166
144 170
144 171
144 174
144 176
144 177
144 179
144 180
144 183
144 185
144 186
144 188
144 189
144 191
144 194
144 195
145 146
145 151
145 157
145 158
145 161
145 162
145 164
145 165
145 169
145 173
145 177
146 147
146 152
146 157
146 158
146 162
146 165
146 169
146 173
146 184
147 152
147 157
147 162
147 165
147 169
147 173
148 153
148 154
148 155
148 163
148 166
148 167
148 168
148 172
148 175
148 178
148 182
148 187
149 150
149 151
149 154
149 156
149 158
149 159
149 160
149 161
149 164
149 165
149 166
149 169
149 170
149 171
149 174
149 176
149 177
149 179
149 180
149 183
149 185
149 186
149 188
149 189
149 191
149 194
149 195
150 153
150 154
150 156
150 159
150 160
150 161
150 163
150 164
150 166
150 167
150 168
150 170
150 171
150 172
150 174
150 176
150 177
150 178
150 179
150 180
150 183
150 185
150 186
150 187
150 188
150 189
150 190
150 191
150 192
150 193
150 194
150 195
151 157
151 158
151 161
151 164
151 165
151 169
151 173
151 177
151 184
151 185
152 157
152 162
152 165
152 169
152 173
152 184
153 154
153 155
153 163
153 166
153 167
153 168
153 172
153 175
153 178
153 181
153 182
153 187
153 190
153 192
153 193
154 155
154 160
154 163
154 166
154 167
154 168
154 172
154 176
154 178
154 187
154 189
154 190
154 193
155 163
155 167
155 168
155 172
155 175
155 178
155 181
155 182
155 187
155 190
156 158
156 159
156 160
156 161
156 163
156 164
156 166
156 167
156 170
156 171
156 172
156 174
156 176
156 177
156 179
156 180
156 183
156 185
156 186
156 187
156 188
156 189
156 191
156 194
156 195
157 158
157 161
157 162
157 164
157 165
157 169
157 173
157 184
158 161
158 162
158 164
158 165
158 169
158 173
158 177
158 184
158 185
159 160
159 161
159 164
159 165
159 166
159 169
159 170
159 171
159 174
159 176
159 177
159 179
159 180
159 183
159 185
159 186
159 188
159 189
159 191
159 194
159 195
160 166
160 170
160 171
160 176
160 180
160 186
160 188
160 189
160 191
161 164
161 165
161 169
161 173
161 177
161 184
161 185
162 165
162 169
162 173
162 184
163 166
163 167
163 168
163 172
163 175
163 178
163 181
163 182
163 187
163 189
163 190
163 192
163 193
164 165
164 169
164 173
164 177
164 184
164 185
165 169
165 173
165 177
165 184
165 185
166 167
166 168
166 172
166 176
166 178
166 180
166 187
166 189
166 190
166 193
166 194
166 195
167 168
167 172
167 175
167 178
167 181
167 182
167 187
167 189
167 190
167 192
167 193
168 172
168 175
168 178
168 181
168 182
168 187
168 190
168 192
168 193
169 173
169 177
169 184
169 185
170 171
170 174
170 176
170 179
170 180
170 183
170 186
170 188
170 191
171 174
171 176
171 179
171 180
171 183
171 186
171 188
171 191
172 175
172 178
172 181
172 182
172 187
172 189
172 190
172 192
172 193
172 194
173 184
174 177
174 179
174 180
174 183
174 185
174 186
174 188
175 178
175 181
175 182
175 187
175 190
175 192
175 193
175 196
176 180
176 186
176 188
176 189
176 191
176 194
176 195
177 179
177 183
177 185
178 181
178 182
178 187
178 189
178 190
178 192
178 193
178 194
178 196
178 197
178 198
178 199
179 183
179 185
179 186
179 188
179 191
180 183
180 186
180 188
180 189
180 191
180 194
180 195
181 182
181 187
181 190
181 192
181 196
181 198
181 199
182 187
182 190
182 192
182 193
182 196
182 197
182 198
182 199
183 185
183 186
183 188
183 191
184 185
186 188
186 189
186 191
186 194
186 195
187 189
187 190
187 192
187 193
187 194
187 195
187 196
187 197
187 198
187 199
188 191
189 190
189 191
189 192
189 193
189 194
189 195
190 192
190 193
190 194
190 196
190 197
190 198
190 199
191 194
191 195
192 193
192 194
192 196
192 197
192 198
192 199
193 194
193 195
193 196
193 197
193 198
193 199
194 195
194 197
196 197
196 198
196 199
197 198
197 199
198 199
