0 1
0 2
0 3
0 4
0 6
1 2
1 3
1 5
1 7
1 10
1 14
2 3
2 4
2 5
2 6
2 7
2 9
2 10
2 14
2 17
2 19
3 5
3 7
3 8
3 9
3 10
3 11
3 13
3 14
3 17
3 18
3 19
4 6
4 12
4 17
4 18
5 7
5 8
5 9
5 10
5 11
5 13
5 14
5 19
5 30
5 31
6 10
6 12
6 17
6 18
6 19
7 8
7 9
7 10
7 11
7 13
7 14
7 19
7 30
7 31
7 32
7 40
8 9
8 10
8 11
8 13
8 14
8 19
8 30
8 31
8 32
8 34
8 40
8 45
8 59
9 10
9 11
9 13
9 14
9 17
9 18
9 19
9 30
9 31
9 32
9 34
9 38
9 40
9 45
10 11
10 12
10 13
10 14
10 17
10 18
10 19
10 30
10 31
10 32
10 34
10 38
10 45
11 13
11 14
11 19
11 30
11 31
11 40
11 45
11 59
12 17
12 18
12 19
12 38
13 14
13 17
13 18
13 19
13 30
13 31
13 32
13 34
13 38
13 40
13 45
13 59
14 17
14 18
14 19
14 30
14 31
14 32
14 34
14 38
14 40
14 45
15 16
15 20
15 21
15 23
15 24
15 27
15 28
15 29
15 33
15 41
15 47
15 52
15 54
15 61
15 73
15 77
16 20
16 21
16 23
16 24
16 27
16 28
16 29
16 33
16 39
16 41
16 43
16 47
16 52
16 54
16 55
16 61
16 73
17 18
17 19
17 30
17 31
17 32
17 34
17 38
18 19
18 30
18 31
18 32
18 34
18 38
19 30
19 31
19 32
19 34
19 38
19 45
20 21
20 24
20 25
20 28
20 29
20 33
20 35
20 39
20 41
20 43
20 52
20 54
20 55
20 56
20 61
20 64
20 70
20 81
20 84
20 88
20 99
20 104
21 23
21 27
21 28
21 29
21 44
21 47
21 52
21 54
21 61
21 73
21 77
21 79
21 80
21 87
22 25
22 26
22 30
22 31
22 32
22 34
22 35
22 36
22 37
22 38
22 40
22 42
22 45
22 46
22 48
22 49
22 50
22 51
22 53
22 56
22 57
22 58
22 59
22 60
22 62
22 63
22 65
22 66
22 67
22 68
22 71
22 72
22 74
22 75
22 78
22 82
22 83
22 85
22 90
22 95
22 97
22 100
22 105
22 108
22 110
22 112
22 114
22 115
22 118
22 123
22 124
22 125
22 127
22 130
22 132
22 133
22 134
22 137
22 150
22 153
23 27
23 29
23 44
23 47
23 54
23 69
23 73
23 76
23 77
23 79
23 80
23 87
23 91
24 25
24 28
24 33
24 35
24 39
24 41
24 43
24 48
24 52
24 54
24 55
24 56
24 61
24 64
24 70
24 81
24 84
24 88
24 92
24 98
24 99
24 104
25 33
25 35
25 39
25 41
25 43
25 48
25 56
25 64
25 81
25 92
25 98
25 105
26 28
26 30
26 33
26 35
26 36
26 37
26 39
26 40
26 41
26 42
26 43
26 45
26 46
26 48
26 49
26 50
26 51
26 53
26 55
26 56
26 57
26 58
26 59
26 60
26 62
26 63
26 64
26 65
26 66
26 67
26 68
26 70
26 71
26 72
26 74
26 75
26 78
26 81
26 82
26 83
26 84
26 85
26 88
26 89
26 90
26 92
26 93
26 95
26 96
26 97
26 98
26 99
26 100
26 101
26 104
26 105
26 106
26 108
26 109
26 110
26 112
26 113
26 114
26 115
26 116
26 118
26 119
26 121
26 122
26 123
26 124
26 125
26 127
26 130
26 132
26 133
26 134
26 136
26 137
26 141
26 142
26 144
26 145
26 146
26 147
26 149
26 150
26 152
26 153
26 154
26 155
26 159
26 164
26 172
26 177
26 180
27 29
27 44
27 47
27 52
27 54
27 61
27 69
27 73
27 76
27 77
27 79
27 80
27 87
28 29
28 33
28 35
28 39
28 41
28 43
28 52
28 54
28 55
28 56
28 61
28 64
28 70
28 73
28 81
28 84
28 87
28 88
28 98
28 99
28 104
29 33
29 44
29 47
29 52
29 54
29 61
29 69
29 73
29 77
29 79
29 80
29 87
30 31
30 32
30 34
30 38
30 40
30 45
30 59
30 72
30 75
30 83
31 32
31 34
31 38
31 40
31 45
31 59
31 72
31 75
31 83
32 34
32 38
32 40
32 45
32 72
32 83
33 35
33 39
33 41
33 43
33 48
33 52
33 54
33 55
33 56
33 61
33 64
33 70
33 73
33 81
33 84
33 87
33 88
33 92
33 98
33 99
33 104
34 38
34 40
34 45
34 72
34 83
35 39
35 41
35 43
35 48
35 52
35 55
35 56
35 64
35 70
35 81
35 84
35 88
35 92
35 98
35 99
35 104
35 105
35 113
36 37
36 38
36 40
36 42
36 45
36 46
36 48
36 49
36 50
36 51
36 53
36 56
36 57
36 58
36 59
36 60
36 62
36 63
36 64
36 65
36 66
36 67
36 68
36 71
36 72
36 74
36 75
36 78
36 81
36 82
36 83
36 85
36 90
36 92
36 95
36 97
36 100
36 105
36 108
36 110
36 112
36 114
36 115
36 118
36 119
36 122
36 123
36 124
36 125
36 127
36 130
36 132
36 133
36 134
36 137
36 144
36 149
36 150
36 152
36 153
37 39
37 40
37 41
37 42
37 43
37 45
37 46
37 48
37 49
37 50
37 51
37 52
37 53
37 55
37 56
37 57
37 58
37 59
37 60
37 61
37 62
37 63
37 64
37 65
37 66
37 67
37 68
37 70
37 71
37 72
37 74
37 75
37 78
37 81
37 82
37 83
37 84
37 85
37 86
37 88
37 89
37 90
37 92
37 93
37 94
37 95
37 96
37 97
37 98
37 99
37 100
37 101
37 104
37 105
37 106
37 108
37 109
37 110
37 112
37 113
37 114
37 115
37 116
37 117
37 118
37 119
37 121
37 122
37 123
37 124
37 125
37 126
37 127
37 130
37 132
37 133
37 134
37 135
37 136
37 137
37 141
37 142
37 143
37 144
37 145
37 146
37 147
37 149
37 150
37 152
37 153
37 154
37 155
37 158
37 159
37 163
37 164
37 172
37 177
37 180
37 187
37 195
38 40
38 45
38 83
39 41
39 43
39 48
39 52
39 54
39 55
39 56
39 61
39 64
39 70
39 81
39 84
39 88
39 92
39 98
39 99
39 104
39 105
39 113
40 45
40 59
40 72
40 75
40 83
41 43
41 48
41 52
41 54
41 55
41 56
41 61
41 64
41 70
41 73
41 81
41 84
41 87
41 88
41 92
41 98
41 99
41 104
41 113
42 43
42 46
42 48
42 49
42 50
42 51
42 52
42 53
42 54
42 55
42 56
42 57
42 58
42 59
42 60
42 61
42 62
42 63
42 64
42 65
42 66
42 67
42 68
42 70
42 71
42 73
42 74
42 75
42 78
42 81
42 82
42 84
42 85
42 86
42 87
42 88
42 89
42 90
42 92
42 93
42 94
42 95
42 96
42 97
42 98
42 99
42 100
42 101
42 102
42 103
42 104
42 105
42 106
42 108
42 109
42 110
42 112
42 113
42 114
42 115
42 116
42 117
42 118
42 119
42 120
42 121
42 122
42 123
42 124
42 125
42 126
42 127
42 130
42 132
42 133
42 134
42 135
42 136
42 137
42 139
42 141
42 142
42 143
42 144
42 145
42 146
42 147
42 149
42 150
42 151
42 152
42 153
42 154
42 155
42 158
42 159
42 161
42 163
42 164
42 165
42 172
42 173
42 174
42 176
42 177
42 180
42 183
42 187
42 190
42 191
42 195
42 219
43 48
43 52
43 54
43 55
43 56
43 61
43 64
43 70
43 81
43 84
43 88
43 92
43 98
43 99
43 104
43 105
43 113
44 47
44 54
44 69
44 73
44 76
44 77
44 79
44 80
44 87
44 91
44 107
45 59
45 72
45 75
45 83
46 48
46 49
46 50
46 51
46 53
46 56
46 57
46 58
46 59
46 60
46 62
46 63
46 64
46 65
46 66
46 67
46 68
46 71
46 72
46 74
46 75
46 78
46 81
46 82
46 83
46 85
46 90
46 92
46 95
46 97
46 100
46 105
46 108
46 110
46 112
46 113
46 114
46 115
46 118
46 119
46 122
46 123
46 124
46 125
46 127
46 130
46 132
46 133
46 134
46 136
46 137
46 142
46 144
46 145
46 149
46 150
46 152
46 153
46 155
46 172
46 197
47 52
47 54
47 61
47 69
47 73
47 76
47 77
47 79
47 80
47 87
47 91
47 107
48 55
48 56
48 64
48 70
48 81
48 92
48 98
48 104
48 105
48 113
48 118
48 119
48 122
49 50
49 51
49 52
49 53
49 54
49 55
49 56
49 57
49 58
49 59
49 60
49 61
49 62
49 63
49 64
49 65
49 66
49 67
49 68
49 70
49 71
49 72
49 73
49 74
49 75
49 78
49 81
49 82
49 84
49 85
49 86
49 87
49 88
49 89
49 90
49 92
49 93
49 94
49 95
49 96
49 97
49 98
49 99
49 100
49 101
49 102
49 103
49 104
49 105
49 106
49 108
49 109
49 110
49 112
49 113
49 114
49 115
49 116
49 117
49 118
49 119
49 120
49 121
49 122
49 123
49 124
49 125
49 126
49 127
49 130
49 132
49 133
49 134
49 135
49 136
49 137
49 139
49 141
49 142
49 143
49 144
49 145
49 146
49 147
49 149
49 150
49 151
49 152
49 153
49 154
49 155
49 158
49 159
49 161
49 163
49 164
49 165
49 172
49 173
49 174
49 176
49 177
49 180
49 182
49 183
49 187
49 190
49 191
49 192
49 195
49 219
50 51
50 52
50 53
50 54
50 55
50 56
50 57
50 58
50 59
50 60
50 61
50 62
50 63
50 64
50 65
50 66
50 67
50 68
50 70
50 71
50 73
50 74
50 75
50 78
50 81
50 82
50 84
50 85
50 86
50 87
50 88
50 89
50 90
50 92
50 93
50 94
50 95
50 96
50 97
50 98
50 99
50 100
50 101
50 102
50 103
50 104
50 105
50 106
50 108
50 109
50 110
50 112
50 113
50 114
50 115
50 116
50 117
50 118
50 119
50 120
50 121
50 122
50 123
50 124
50 125
50 126
50 127
50 130
50 132
50 133
50 134
50 135
50 136
50 137
50 139
50 141
50 142
50 143
50 144
50 145
50 146
50 147
50 148
50 149
50 150
50 151
50 152
50 153
50 154
50 155
50 158
50 159
50 161
50 163
50 164
50 165
50 172
50 173
50 174
50 176
50 177
50 180
50 182
50 183
50 187
50 190
50 191
50 192
50 195
50 207
50 219
50 228
51 53
51 56
51 57
51 58
51 59
51 60
51 62
51 63
51 64
51 65
51 66
51 67
51 68
51 70
51 71
51 72
51 74
51 75
51 78
51 81
51 82
51 83
51 85
51 89
51 90
51 92
51 93
51 95
51 96
51 97
51 98
51 100
51 105
51 106
51 108
51 110
51 112
51 113
51 114
51 115
51 116
51 118
51 119
51 121
51 122
51 123
51 124
51 125
51 127
51 130
51 132
51 133
51 134
51 136
51 137
51 141
51 142
51 144
51 145
51 146
51 147
51 149
51 150
51 152
51 153
51 154
51 155
51 159
51 164
51 172
51 197
52 54
52 55
52 61
52 64
52 70
52 73
52 77
52 81
52 84
52 87
52 88
52 92
52 98
52 99
52 104
53 56
53 57
53 58
53 59
53 60
53 62
53 63
53 64
53 65
53 66
53 67
53 68
53 70
53 71
53 72
53 74
53 75
53 78
53 81
53 82
53 83
53 85
53 89
53 90
53 92
53 93
53 95
53 96
53 97
53 98
53 100
53 104
53 105
53 106
53 108
53 110
53 112
53 113
53 114
53 115
53 116
53 118
53 119
53 121
53 122
53 123
53 124
53 125
53 127
53 130
53 132
53 133
53 134
53 136
53 137
53 141
53 142
53 144
53 145
53 146
53 147
53 149
53 150
53 152
53 153
53 154
53 155
53 159
53 164
53 172
53 177
53 180
53 197
54 55
54 61
54 70
54 73
54 77
54 79
54 80
54 84
54 87
54 88
54 99
54 104
55 56
55 61
55 64
55 70
55 73
55 81
55 84
55 87
55 88
55 92
55 98
55 99
55 104
55 105
55 113
56 64
56 70
56 81
56 84
56 88
56 92
56 98
56 99
56 104
56 105
56 113
56 118
56 119
56 122
56 133
57 58
57 59
57 60
57 61
57 62
57 63
57 64
57 65
57 66
57 67
57 68
57 70
57 71
57 73
57 74
57 78
57 81
57 82
57 84
57 85
57 86
57 87
57 88
57 89
57 90
57 92
57 93
57 94
57 95
57 96
57 97
57 98
57 99
57 100
57 101
57 102
57 103
57 104
57 105
57 106
57 108
57 109
57 110
57 112
57 113
57 114
57 115
57 116
57 117
57 118
57 119
57 120
57 121
57 122
57 123
57 124
57 125
57 126
57 127
57 130
57 132
57 133
57 134
57 135
57 136
57 137
57 139
57 141
57 142
57 143
57 144
57 145
57 146
57 147
57 148
57 149
57 150
57 151
57 152
57 153
57 154
57 155
57 158
57 159
57 161
57 163
57 164
57 165
57 169
57 172
57 173
57 174
57 176
57 177
57 180
57 182
57 183
57 187
57 188
57 190
57 191
57 192
57 193
57 195
57 197
57 202
57 204
57 207
57 211
57 219
57 228
57 229
58 59
58 60
58 62
58 63
58 64
58 65
58 66
58 67
58 68
58 70
58 71
58 72
58 74
58 75
58 78
58 81
58 82
58 83
58 85
58 89
58 90
58 92
58 93
58 95
58 96
58 97
58 98
58 100
58 105
58 106
58 108
58 110
58 112
58 113
58 114
58 115
58 116
58 118
58 119
58 121
58 122
58 123
58 124
58 125
58 127
58 130
58 132
58 133
58 134
58 136
58 137
58 141
58 142
58 144
58 145
58 146
58 147
58 149
58 150
58 152
58 153
58 154
58 155
58 159
58 164
58 172
58 197
59 72
59 75
59 83
60 62
60 63
60 64
60 65
60 66
60 67
60 68
60 71
60 72
60 74
60 75
60 78
60 81
60 82
60 83
60 85
60 90
60 92
60 95
60 97
60 100
60 105
60 108
60 110
60 112
60 113
60 114
60 115
60 118
60 119
60 122
60 123
60 124
60 125
60 127
60 130
60 132
60 133
60 134
60 136
60 137
60 142
60 144
60 145
60 146
60 147
60 149
60 150
60 152
60 153
60 154
60 155
60 172
60 197
61 64
61 70
61 73
61 77
61 79
61 81
61 84
61 87
61 88
61 98
61 99
61 104
62 63
62 65
62 66
62 67
62 68
62 71
62 72
62 74
62 75
62 78
62 82
62 83
62 85
62 90
62 92
62 95
62 97
62 100
62 105
62 108
62 110
62 112
62 113
62 114
62 115
62 118
62 119
62 122
62 123
62 124
62 125
62 127
62 130
62 132
62 133
62 134
62 137
62 142
62 144
62 149
62 150
62 152
62 153
62 155
62 172
62 197
63 65
63 66
63 67
63 68
63 71
63 72
63 74
63 75
63 78
63 82
63 83
63 85
63 90
63 95
63 97
63 100
63 105
63 108
63 110
63 112
63 114
63 115
63 118
63 123
63 124
63 125
63 127
63 130
63 132
63 133
63 134
63 137
63 144
63 149
63 150
63 152
63 153
63 172
63 197
64 70
64 81
64 84
64 88
64 92
64 98
64 99
64 104
64 105
64 113
64 118
64 119
64 122
64 141
65 66
65 67
65 68
65 71
65 72
65 74
65 75
65 78
65 82
65 83
65 85
65 90
65 95
65 97
65 100
65 105
65 108
65 110
65 112
65 114
65 115
65 118
65 123
65 124
65 125
65 127
65 130
65 132
65 133
65 134
65 137
65 144
65 149
65 150
65 152
65 153
65 172
65 197
66 67
66 68
66 70
66 71
66 72
66 74
66 75
66 78
66 81
66 82
66 83
66 85
66 89
66 90
66 92
66 93
66 95
66 96
66 97
66 98
66 100
66 104
66 105
66 106
66 108
66 110
66 112
66 113
66 114
66 115
66 116
66 118
66 119
66 121
66 122
66 123
66 124
66 125
66 127
66 130
66 132
66 133
66 134
66 136
66 137
66 141
66 142
66 144
66 145
66 146
66 147
66 149
66 150
66 152
66 153
66 154
66 155
66 158
66 159
66 164
66 172
66 177
66 180
66 197
66 207
67 68
67 70
67 71
67 72
67 74
67 75
67 78
67 81
67 82
67 84
67 85
67 86
67 88
67 89
67 90
67 92
67 93
67 94
67 95
67 96
67 97
67 98
67 99
67 100
67 101
67 102
67 103
67 104
67 105
67 106
67 108
67 109
67 110
67 112
67 113
67 114
67 115
67 116
67 117
67 118
67 119
67 120
67 121
67 122
67 123
67 124
67 125
67 126
67 127
67 130
67 132
67 133
67 134
67 135
67 136
67 137
67 139
67 141
67 142
67 143
67 144
67 145
67 146
67 147
67 149
67 150
67 151
67 152
67 153
67 154
67 155
67 158
67 159
67 161
67 163
67 164
67 165
67 172
67 173
67 174
67 176
67 177
67 180
67 182
67 183
67 187
67 188
67 190
67 191
67 192
67 195
67 197
67 202
67 204
67 207
67 211
67 212
67 219
67 221
67 222
67 228
68 71
68 72
68 74
68 75
68 78
68 81
68 82
68 83
68 85
68 90
68 92
68 95
68 96
68 97
68 98
68 100
68 105
68 108
68 110
68 112
68 113
68 114
68 115
68 116
68 118
68 119
68 121
68 122
68 123
68 124
68 125
68 127
68 130
68 132
68 133
68 134
68 136
68 137
68 141
68 142
68 144
68 145
68 146
68 147
68 149
68 150
68 152
68 153
68 154
68 155
68 159
68 172
68 197
69 76
69 77
69 79
69 80
69 91
69 107
69 111
70 73
70 81
70 84
70 87
70 88
70 92
70 98
70 99
70 104
70 105
70 113
70 119
70 122
71 72
71 74
71 75
71 78
71 81
71 82
71 83
71 85
71 89
71 90
71 92
71 95
71 96
71 97
71 98
71 100
71 105
71 106
71 108
71 110
71 112
71 113
71 114
71 115
71 116
71 118
71 119
71 121
71 122
71 123
71 124
71 125
71 127
71 130
71 132
71 133
71 134
71 136
71 137
71 141
71 142
71 144
71 145
71 146
71 147
71 149
71 150
71 152
71 153
71 154
71 155
71 159
71 164
71 172
71 197
71 207
72 75
72 83
73 77
73 79
73 80
73 84
73 87
73 88
73 99
73 104
74 75
74 78
74 81
74 82
74 83
74 85
74 90
74 92
74 95
74 97
74 100
74 105
74 108
74 110
74 112
74 113
74 114
74 115
74 116
74 118
74 119
74 121
74 122
74 123
74 124
74 125
74 127
74 130
74 132
74 133
74 134
74 136
74 137
74 142
74 144
74 145
74 146
74 147
74 149
74 150
74 152
74 153
74 154
74 155
74 159
74 172
74 197
75 83
76 77
76 79
76 80
76 91
76 107
76 111
77 79
77 80
77 84
77 87
77 91
77 107
78 81
78 82
78 83
78 85
78 90
78 92
78 95
78 97
78 98
78 100
78 105
78 108
78 110
78 112
78 113
78 114
78 115
78 116
78 118
78 119
78 121
78 122
78 123
78 124
78 125
78 127
78 130
78 132
78 133
78 134
78 136
78 137
78 141
78 142
78 144
78 145
78 146
78 147
78 149
78 150
78 152
78 153
78 154
78 155
78 159
78 172
78 197
79 80
79 87
79 91
79 107
80 87
80 91
80 107
80 111
81 84
81 88
81 92
81 98
81 99
81 104
81 105
81 113
81 118
81 119
81 122
81 133
81 141
81 142
81 147
82 84
82 85
82 86
82 87
82 88
82 89
82 90
82 92
82 93
82 94
82 95
82 96
82 97
82 98
82 99
82 100
82 101
82 102
82 103
82 104
82 105
82 106
82 108
82 109
82 110
82 112
82 113
82 114
82 115
82 116
82 117
82 118
82 119
82 120
82 121
82 122
82 123
82 124
82 125
82 126
82 127
82 130
82 132
82 133
82 134
82 135
82 136
82 137
82 139
82 141
82 142
82 143
82 144
82 145
82 146
82 147
82 148
82 149
82 150
82 151
82 152
82 153
82 154
82 155
82 158
82 159
82 161
82 163
82 164
82 165
82 172
82 173
82 174
82 176
82 177
82 180
82 182
82 183
82 187
82 188
82 190
82 191
82 192
82 193
82 195
82 197
82 201
82 202
82 204
82 207
82 211
82 212
82 219
82 221
82 222
82 228
82 229
82 230
84 87
84 88
84 92
84 98
84 99
84 104
84 105
84 113
84 119
84 122
85 86
85 88
85 89
85 90
85 92
85 93
85 94
85 95
85 96
85 97
85 98
85 99
85 100
85 101
85 103
85 104
85 105
85 106
85 108
85 109
85 110
85 112
85 113
85 114
85 115
85 116
85 117
85 118
85 119
85 121
85 122
85 123
85 124
85 125
85 126
85 127
85 130
85 132
85 133
85 134
85 135
85 136
85 137
85 139
85 141
85 142
85 143
85 144
85 145
85 146
85 147
85 149
85 150
85 151
85 152
85 153
85 154
85 155
85 158
85 159
85 161
85 163
85 164
85 165
85 172
85 173
85 174
85 176
85 177
85 180
85 182
85 183
85 187
85 188
85 190
85 191
85 192
85 193
85 195
85 197
85 202
85 204
85 207
85 211
85 212
85 219
85 221
85 222
85 228
85 230
86 87
86 88
86 89
86 90
86 91
86 92
86 93
86 94
86 95
86 96
86 98
86 99
86 101
86 102
86 103
86 104
86 106
86 107
86 108
86 109
86 110
86 111
86 112
86 113
86 115
86 116
86 117
86 120
86 121
86 123
86 125
86 126
86 128
86 129
86 130
86 131
86 135
86 136
86 138
86 139
86 140
86 143
86 145
86 146
86 148
86 151
86 154
86 156
86 157
86 160
86 161
86 162
86 163
86 164
86 165
86 168
86 169
86 171
86 173
86 175
86 177
86 178
86 179
86 180
86 182
86 183
86 187
86 188
86 189
86 190
86 191
86 193
86 195
86 196
86 200
86 203
86 209
86 210
86 213
86 215
86 219
86 228
86 229
86 236
86 237
87 88
87 99
87 104
88 92
88 98
88 99
88 104
88 105
88 113
88 119
88 122
89 90
89 91
89 92
89 93
89 94
89 95
89 96
89 97
89 98
89 99
89 100
89 101
89 102
89 103
89 104
89 105
89 106
89 107
89 108
89 109
89 110
89 111
89 112
89 113
89 114
89 115
89 116
89 117
89 118
89 119
89 120
89 121
89 122
89 123
89 125
89 126
89 127
89 130
89 131
89 133
89 135
89 136
89 138
89 139
89 140
89 141
89 142
89 143
89 144
89 145
89 146
89 147
89 148
89 151
89 154
89 156
89 158
89 159
89 161
89 163
89 164
89 165
89 169
89 173
89 174
89 176
89 177
89 179
89 180
89 182
89 183
89 187
89 188
89 189
89 190
89 191
89 192
89 193
89 195
89 196
89 200
89 201
89 202
89 203
89 204
89 206
89 209
89 210
89 213
89 215
89 219
89 220
89 228
89 229
90 92
90 93
90 94
90 95
90 96
90 97
90 98
90 99
90 100
90 101
90 102
90 103
90 104
90 105
90 106
90 108
90 109
90 110
90 112
90 113
90 114
90 115
90 116
90 117
90 118
90 119
90 120
90 121
90 122
90 123
90 124
90 125
90 126
90 127
90 130
90 132
90 133
90 134
90 135
90 136
90 137
90 139
90 141
90 142
90 143
90 144
90 145
90 146
90 147
90 148
90 149
90 150
90 151
90 152
90 153
90 154
90 155
90 158
90 159
90 161
90 163
90 164
90 165
90 169
90 172
90 173
90 174
90 176
90 177
90 180
90 182
90 183
90 187
90 188
90 190
90 191
90 192
90 193
90 195
90 197
90 201
90 202
90 204
90 206
90 207
90 211
90 212
90 219
90 221
90 222
90 228
90 229
90 230
91 107
91 111
91 128
91 129
91 131
91 138
92 98
92 99
92 104
92 105
92 113
92 118
92 119
92 122
92 133
92 141
92 142
92 144
92 147
92 158
92 159
93 94
93 95
93 96
93 97
93 98
93 99
93 100
93 101
93 102
93 103
93 104
93 105
93 106
93 107
93 108
93 109
93 110
93 111
93 112
93 113
93 114
93 115
93 116
93 117
93 118
93 119
93 120
93 121
93 122
93 123
93 125
93 126
93 128
93 129
93 130
93 131
93 135
93 136
93 138
93 139
93 140
93 141
93 142
93 143
93 145
93 146
93 147
93 148
93 151
93 154
93 156
93 158
93 159
93 160
93 161
93 163
93 164
93 165
93 169
93 173
93 174
93 176
93 177
93 179
93 180
93 182
93 183
93 187
93 188
93 189
93 190
93 191
93 192
93 193
93 195
93 196
93 200
93 201
93 202
93 203
93 206
93 209
93 210
93 213
93 215
93 219
93 220
93 228
93 229
94 95
94 96
94 98
94 99
94 101
94 102
94 103
94 104
94 106
94 107
94 108
94 109
94 110
94 111
94 112
94 113
94 115
94 116
94 117
94 120
94 121
94 123
94 125
94 126
94 128
94 129
94 130
94 131
94 135
94 136
94 138
94 139
94 140
94 143
94 145
94 146
94 148
94 151
94 154
94 156
94 157
94 160
94 161
94 162
94 163
94 164
94 165
94 168
94 169
94 170
94 171
94 173
94 175
94 177
94 178
94 179
94 180
94 182
94 183
94 186
94 187
94 188
94 189
94 190
94 191
94 193
94 195
94 196
94 200
94 203
94 209
94 210
94 213
94 215
94 219
94 227
94 228
94 229
94 235
94 236
94 237
94 248
95 96
95 97
95 98
95 99
95 100
95 101
95 102
95 103
95 104
95 105
95 106
95 108
95 109
95 110
95 112
95 113
95 114
95 115
95 116
95 117
95 118
95 119
95 120
95 121
95 122
95 123
95 124
95 125
95 126
95 127
95 130
95 132
95 133
95 134
95 135
95 136
95 137
95 139
95 141
95 142
95 143
95 144
95 145
95 146
95 147
95 148
95 149
95 150
95 151
95 152
95 153
95 154
95 155
95 158
95 159
95 161
95 163
95 164
95 165
95 169
95 172
95 173
95 174
95 176
95 177
95 180
95 182
95 183
95 187
95 188
95 190
95 191
95 192
95 193
95 195
95 197
95 201
95 202
95 204
95 206
95 207
95 211
95 212
95 219
95 221
95 222
95 228
95 229
95 230
95 244
95 246
96 97
96 98
96 99
96 100
96 101
96 102
96 103
96 104
96 105
96 106
96 107
96 108
96 109
96 110
96 111
96 112
96 113
96 114
96 115
96 116
96 117
96 118
96 119
96 120
96 121
96 122
96 123
96 125
96 126
96 127
96 130
96 133
96 134
96 135
96 136
96 138
96 139
96 140
96 141
96 142
96 143
96 144
96 145
96 146
96 147
96 148
96 151
96 154
96 155
96 156
96 158
96 159
96 161
96 163
96 164
96 165
96 169
96 173
96 174
96 176
96 177
96 179
96 180
96 182
96 183
96 187
96 188
96 189
96 190
96 191
96 192
96 193
96 195
96 196
96 200
96 201
96 202
96 203
96 204
96 206
96 209
96 210
96 212
96 213
96 215
96 219
96 220
96 228
96 229
96 241
96 242
96 248
97 98
97 99
97 100
97 101
97 104
97 105
97 106
97 108
97 109
97 110
97 112
97 113
97 114
97 115
97 116
97 117
97 118
97 119
97 121
97 122
97 123
97 124
97 125
97 126
97 127
97 130
97 132
97 133
97 134
97 135
97 136
97 137
97 141
97 142
97 143
97 144
97 145
97 146
97 147
97 149
97 150
97 151
97 152
97 153
97 154
97 155
97 158
97 159
97 163
97 164
97 165
97 172
97 173
97 174
97 176
97 177
97 180
97 183
97 187
97 191
97 192
97 195
97 197
97 204
97 207
97 211
97 212
97 219
97 221
97 222
97 230
97 246
98 99
98 104
98 105
98 113
98 118
98 119
98 122
98 133
98 141
98 142
98 144
98 147
98 158
98 159
99 104
99 105
99 113
99 119
99 122
99 141
100 101
100 104
100 105
100 106
100 108
100 109
100 110
100 112
100 113
100 114
100 115
100 116
100 117
100 118
100 119
100 121
100 122
100 123
100 124
100 125
100 126
100 127
100 130
100 132
100 133
100 134
100 135
100 136
100 137
100 141
100 142
100 143
100 144
100 145
100 146
100 147
100 149
100 150
100 151
100 152
100 153
100 154
100 155
100 158
100 159
100 163
100 164
100 165
100 172
100 173
100 174
100 176
100 177
100 180
100 187
100 191
100 192
100 195
100 197
100 207
100 211
100 212
100 219
100 221
100 222
100 230
100 246
101 102
101 103
101 104
101 105
101 106
101 107
101 108
101 109
101 110
101 111
101 112
101 113
101 114
101 115
101 116
101 117
101 119
101 120
101 121
101 122
101 123
101 125
101 126
101 128
101 129
101 130
101 131
101 135
101 136
101 138
101 139
101 140
101 141
101 143
101 145
101 146
101 148
101 151
101 154
101 156
101 157
101 158
101 160
101 161
101 163
101 164
101 165
101 168
101 169
101 171
101 173
101 174
101 175
101 176
101 177
101 178
101 179
101 180
101 182
101 183
101 187
101 188
101 189
101 190
101 191
101 193
101 195
101 196
101 200
101 201
101 203
101 206
101 209
101 210
101 213
101 215
101 219
101 227
101 228
101 229
101 235
101 236
101 237
101 248
101 249
102 103
102 104
102 106
102 107
102 108
102 109
102 110
102 111
102 116
102 117
102 120
102 121
102 123
102 125
102 126
102 128
102 129
102 130
102 131
102 135
102 136
102 138
102 139
102 140
102 143
102 145
102 146
102 148
102 151
102 154
102 156
102 157
102 160
102 161
102 162
102 163
102 164
102 165
102 166
102 167
102 168
102 169
102 170
102 171
102 175
102 177
102 178
102 179
102 180
102 182
102 183
102 186
102 187
102 189
102 190
102 191
102 193
102 195
102 196
102 200
102 203
102 205
102 208
102 209
102 213
102 215
102 216
102 218
102 219
102 224
102 227
102 228
102 229
102 231
102 235
102 236
102 237
102 240
102 248
102 249
103 104
103 106
103 107
103 108
103 109
103 110
103 111
103 115
103 116
103 117
103 120
103 121
103 123
103 125
103 126
103 128
103 129
103 130
103 131
103 135
103 136
103 138
103 139
103 140
103 143
103 145
103 146
103 148
103 151
103 154
103 156
103 157
103 160
103 161
103 162
103 163
103 164
103 165
103 166
103 167
103 168
103 169
103 170
103 171
103 175
103 177
103 178
103 179
103 180
103 182
103 183
103 186
103 187
103 189
103 190
103 191
103 193
103 195
103 196
103 200
103 203
103 205
103 209
103 210
103 213
103 215
103 216
103 218
103 219
103 224
103 227
103 228
103 229
103 231
103 235
103 236
103 237
103 240
103 248
103 249
103 258
104 105
104 113
104 118
104 119
104 122
104 141
104 147
104 158
105 113
105 118
105 119
105 122
105 133
105 141
105 142
105 144
105 147
105 149
105 152
105 155
105 158
105 159
106 107
106 108
106 109
106 110
106 111
106 112
106 113
106 114
106 115
106 116
106 117
106 118
106 119
106 120
106 121
106 122
106 123
106 125
106 126
106 127
106 129
106 130
106 131
106 133
106 135
106 136
106 138
106 139
106 140
106 141
106 142
106 143
106 144
106 145
106 146
106 147
106 148
106 151
106 154
106 155
106 156
106 158
106 159
106 161
106 163
106 164
106 165
106 169
106 173
106 174
106 176
106 177
106 179
106 180
106 182
106 183
106 187
106 188
106 189
106 190
106 191
106 192
106 193
106 195
106 196
106 200
106 201
106 202
106 203
106 204
106 206
106 209
106 210
106 212
106 213
106 215
106 219
106 220
106 228
106 229
106 236
106 237
106 238
106 241
106 242
106 248
106 249
106 257
106 263
106 264
106 265
106 266
107 111
107 128
107 129
107 131
107 138
108 109
108 110
108 112
108 113
108 114
108 115
108 116
108 117
108 118
108 119
108 120
108 121
108 122
108 123
108 124
108 125
108 126
108 127
108 130
108 132
108 133
108 134
108 135
108 136
108 137
108 139
108 141
108 142
108 143
108 144
108 145
108 146
108 147
108 148
108 149
108 150
108 151
108 152
108 153
108 154
108 155
108 156
108 158
108 159
108 161
108 163
108 164
108 165
108 169
108 172
108 173
108 174
108 176
108 177
108 180
108 182
108 183
108 187
108 188
108 190
108 191
108 192
108 193
108 195
108 196
108 197
108 201
108 202
108 204
108 206
108 207
108 211
108 212
108 213
108 215
108 219
108 220
108 221
108 222
108 228
108 229
108 230
108 238
108 244
108 246
108 250
108 254
109 110
109 111
109 112
109 113
109 114
109 115
109 116
109 117
109 119
109 120
109 121
109 122
109 123
109 125
109 126
109 128
109 129
109 130
109 131
109 135
109 136
109 138
109 139
109 140
109 141
109 143
109 145
109 146
109 147
109 148
109 151
109 154
109 156
109 157
109 158
109 160
109 161
109 163
109 164
109 165
109 168
109 169
109 171
109 173
109 174
109 175
109 176
109 177
109 178
109 179
109 180
109 182
109 183
109 187
109 188
109 189
109 190
109 191
109 192
109 193
109 195
109 196
109 200
109 201
109 202
109 203
109 206
109 209
109 210
109 213
109 215
109 216
109 219
109 220
109 227
109 228
109 229
109 235
109 236
109 237
109 240
109 241
109 242
109 248
109 249
109 257
109 258
109 263
109 264
109 265
109 266
110 112
110 113
110 114
110 115
110 116
110 117
110 118
110 119
110 120
110 121
110 122
110 123
110 124
110 125
110 126
110 127
110 130
110 132
110 133
110 134
110 135
110 136
110 137
110 139
110 140
110 141
110 142
110 143
110 144
110 145
110 146
110 147
110 148
110 149
110 150
110 151
110 152
110 153
110 154
110 155
110 156
110 158
110 159
110 161
110 163
110 164
110 165
110 169
110 172
110 173
110 174
110 176
110 177
110 180
110 182
110 183
110 187
110 188
110 190
110 191
110 192
110 193
110 195
110 196
110 197
110 201
110 202
110 204
110 206
110 207
110 209
110 210
110 211
110 212
110 213
110 215
110 219
110 220
110 221
110 222
110 228
110 229
110 230
110 238
110 244
110 246
110 250
110 254
111 128
111 129
111 131
111 138
111 157
111 160
111 162
111 168
111 171
111 175
112 113
112 114
112 115
112 116
112 117
112 118
112 119
112 121
112 122
112 123
112 124
112 125
112 126
112 127
112 130
112 132
112 133
112 134
112 135
112 136
112 137
112 139
112 141
112 142
112 143
112 144
112 145
112 146
112 147
112 149
112 150
112 151
112 152
112 153
112 154
112 155
112 158
112 159
112 161
112 163
112 164
112 165
112 172
112 173
112 174
112 176
112 177
112 180
112 183
112 187
112 188
112 191
112 192
112 195
112 197
112 201
112 202
112 204
112 207
112 211
112 212
112 219
112 221
112 222
112 228
112 230
112 244
112 246
112 254
113 118
113 119
113 122
113 133
113 141
113 142
113 144
113 147
113 149
113 152
113 155
113 158
113 159
113 173
113 174
113 176
114 115
114 116
114 117
114 118
114 119
114 121
114 122
114 123
114 124
114 125
114 126
114 127
114 130
114 132
114 133
114 134
114 135
114 136
114 137
114 139
114 141
114 142
114 143
114 144
114 145
114 146
114 147
114 149
114 150
114 151
114 152
114 153
114 154
114 155
114 158
114 159
114 161
114 163
114 164
114 165
114 172
114 173
114 174
114 176
114 177
114 180
114 183
114 187
114 188
114 191
114 192
114 195
114 197
114 202
114 204
114 207
114 211
114 212
114 219
114 221
114 222
114 228
114 230
114 244
114 246
114 254
114 278
115 116
115 117
115 118
115 119
115 120
115 121
115 122
115 123
115 124
115 125
115 126
115 127
115 130
115 132
115 133
115 134
115 135
115 136
115 137
115 139
115 141
115 142
115 143
115 144
115 145
115 146
115 147
115 148
115 149
115 150
115 151
115 152
115 153
115 154
115 155
115 158
115 159
115 161
115 163
115 164
115 165
115 172
115 173
115 174
115 176
115 177
115 180
115 182
115 183
115 187
115 188
115 190
115 191
115 192
115 193
115 195
115 196
115 197
115 201
115 202
115 204
115 206
115 207
115 211
115 212
115 215
115 219
115 220
115 221
115 222
115 228
115 229
115 230
115 244
115 246
115 250
115 254
115 270
115 273
115 277
115 278
116 117
116 118
116 119
116 120
116 121
116 122
116 123
116 124
116 125
116 126
116 127
116 130
116 133
116 134
116 135
116 136
116 137
116 138
116 139
116 140
116 141
116 142
116 143
116 144
116 145
116 146
116 147
116 148
116 149
116 151
116 152
116 154
116 155
116 156
116 158
116 159
116 161
116 163
116 164
116 165
116 169
116 173
116 174
116 176
116 177
116 179
116 180
116 182
116 183
116 187
116 188
116 189
116 190
116 191
116 192
116 193
116 195
116 196
116 200
116 201
116 202
116 203
116 204
116 206
116 209
116 210
116 212
116 213
116 215
116 219
116 220
116 228
116 229
116 236
116 237
116 238
116 241
116 242
116 248
116 249
116 250
116 257
116 258
116 259
116 260
116 261
116 263
116 264
116 265
116 266
116 267
116 276
117 119
117 120
117 121
117 122
117 123
117 125
117 126
117 128
117 129
117 130
117 131
117 135
117 136
117 138
117 139
117 140
117 141
117 143
117 145
117 146
117 147
117 148
117 151
117 154
117 156
117 157
117 158
117 159
117 160
117 161
117 162
117 163
117 164
117 165
117 168
117 169
117 171
117 173
117 174
117 175
117 176
117 177
117 178
117 179
117 180
117 182
117 183
117 186
117 187
117 188
117 189
117 190
117 191
117 192
117 193
117 195
117 196
117 200
117 201
117 202
117 203
117 204
117 206
117 209
117 210
117 213
117 215
117 216
117 218
117 219
117 220
117 227
117 228
117 229
117 235
117 236
117 237
117 238
117 240
117 241
117 242
117 248
117 249
117 256
117 257
117 258
117 263
117 264
117 265
117 266
117 267
117 272
117 279
118 119
118 122
118 133
118 141
118 142
118 144
118 147
118 149
118 150
118 152
118 153
118 155
118 158
118 159
118 172
118 174
118 176
119 122
119 133
119 141
119 142
119 144
119 147
119 149
119 150
119 152
119 155
119 158
119 159
119 173
119 174
119 176
120 121
120 123
120 125
120 126
120 128
120 129
120 130
120 131
120 135
120 136
120 138
120 139
120 140
120 143
120 145
120 146
120 148
120 151
120 154
120 156
120 157
120 160
120 161
120 162
120 163
120 164
120 165
120 166
120 167
120 168
120 169
120 170
120 171
120 173
120 175
120 177
120 178
120 179
120 180
120 182
120 183
120 184
120 186
120 187
120 188
120 189
120 190
120 191
120 193
120 195
120 196
120 199
120 200
120 201
120 203
120 205
120 208
120 209
120 210
120 213
120 215
120 216
120 218
120 219
120 224
120 227
120 228
120 229
120 231
120 234
120 235
120 236
120 237
120 240
120 241
120 248
120 249
120 256
120 257
120 258
120 263
120 264
120 265
120 267
120 271
120 272
120 274
120 279
120 282
121 122
121 123
121 124
121 125
121 126
121 127
121 130
121 133
121 134
121 135
121 136
121 137
121 138
121 139
121 140
121 141
121 142
121 143
121 144
121 145
121 146
121 147
121 148
121 149
121 151
121 152
121 154
121 155
121 156
121 158
121 159
121 161
121 163
121 164
121 165
121 169
121 173
121 174
121 176
121 177
121 179
121 180
121 182
121 183
121 187
121 188
121 189
121 190
121 191
121 192
121 193
121 195
121 196
121 200
121 201
121 202
121 203
121 204
121 206
121 209
121 210
121 211
121 212
121 213
121 215
121 219
121 220
121 228
121 229
121 235
121 236
121 237
121 238
121 241
121 242
121 244
121 248
121 249
121 250
121 257
121 258
121 259
121 260
121 261
121 263
121 264
121 265
121 266
121 267
121 268
121 276
121 279
121 282
122 133
122 141
122 142
122 144
122 147
122 149
122 150
122 152
122 153
122 155
122 158
122 159
122 173
122 174
122 176
122 192
123 124
123 125
123 126
123 127
123 130
123 132
123 133
123 134
123 135
123 136
123 137
123 139
123 141
123 142
123 143
123 144
123 145
123 146
123 147
123 148
123 149
123 150
123 151
123 152
123 153
123 154
123 155
123 158
123 159
123 161
123 163
123 164
123 165
123 169
123 172
123 173
123 174
123 176
123 177
123 180
123 182
123 183
123 187
123 188
123 190
123 191
123 192
123 193
123 195
123 196
123 197
123 201
123 202
123 204
123 206
123 207
123 210
123 211
123 212
123 213
123 215
123 219
123 220
123 221
123 222
123 228
123 229
123 230
123 238
123 242
123 244
123 246
123 250
123 254
123 270
123 273
123 277
123 278
124 125
124 127
124 130
124 132
124 133
124 134
124 136
124 137
124 141
124 142
124 144
124 145
124 146
124 147
124 149
124 150
124 152
124 153
124 154
124 155
124 159
124 164
124 172
124 180
124 197
124 207
124 211
124 221
124 222
124 230
124 246
124 254
124 278
124 280
125 126
125 127
125 130
125 132
125 133
125 134
125 135
125 136
125 137
125 139
125 140
125 141
125 142
125 143
125 144
125 145
125 146
125 147
125 148
125 149
125 150
125 151
125 152
125 153
125 154
125 155
125 156
125 158
125 159
125 161
125 163
125 164
125 165
125 169
125 172
125 173
125 174
125 176
125 177
125 180
125 182
125 183
125 187
125 188
125 190
125 191
125 192
125 193
125 195
125 196
125 201
125 202
125 204
125 206
125 207
125 209
125 210
125 211
125 212
125 213
125 215
125 219
125 220
125 221
125 228
125 229
125 236
125 238
125 241
125 242
125 244
125 248
125 249
125 250
125 257
125 258
125 259
125 260
125 261
125 263
125 264
125 265
125 266
125 267
125 268
125 276
125 279
126 128
126 129
126 130
126 131
126 135
126 136
126 138
126 139
126 140
126 141
126 143
126 145
126 146
126 147
126 148
126 151
126 154
126 156
126 157
126 158
126 160
126 161
126 162
126 163
126 164
126 165
126 166
126 168
126 169
126 170
126 171
126 173
126 174
126 175
126 176
126 177
126 178
126 179
126 180
126 182
126 183
126 186
126 187
126 188
126 189
126 190
126 191
126 192
126 193
126 195
126 196
126 200
126 201
126 202
126 203
126 204
126 206
126 209
126 210
126 213
126 215
126 216
126 218
126 219
126 220
126 224
126 227
126 228
126 229
126 231
126 235
126 236
126 237
126 238
126 240
126 241
126 242
126 248
126 249
126 256
126 257
126 258
126 259
126 260
126 261
126 263
126 264
126 265
126 266
126 267
126 272
126 276
126 279
126 282
127 130
127 132
127 133
127 134
127 136
127 137
127 141
127 142
127 144
127 145
127 146
127 147
127 149
127 150
127 152
127 153
127 154
127 155
127 158
127 159
127 163
127 164
127 172
127 174
127 176
127 177
127 180
127 187
127 191
127 192
127 195
127 197
127 204
127 207
127 211
127 212
127 219
127 221
127 222
127 230
127 244
127 246
127 254
127 277
127 278
127 280
128 129
128 131
128 138
128 157
128 160
128 162
128 166
128 167
128 168
128 170
128 171
128 175
128 178
128 179
128 184
128 186
129 131
129 138
129 157
129 160
129 162
129 166
129 167
129 168
129 170
129 171
129 175
129 178
129 179
129 186
130 132
130 133
130 134
130 135
130 136
130 137
130 139
130 141
130 142
130 143
130 144
130 145
130 146
130 147
130 148
130 149
130 150
130 151
130 152
130 153
130 154
130 155
130 158
130 159
130 161
130 163
130 164
130 165
130 169
130 172
130 173
130 174
130 176
130 177
130 180
130 182
130 183
130 187
130 188
130 190
130 191
130 192
130 193
130 195
130 196
130 197
130 201
130 202
130 204
130 206
130 207
130 210
130 211
130 212
130 213
130 215
130 219
130 220
130 221
130 222
130 228
130 229
130 230
130 238
130 242
130 244
130 246
130 250
130 254
130 260
130 261
130 268
130 270
130 273
130 277
130 278
131 138
131 157
131 160
131 162
131 166
131 167
131 168
131 170
131 171
131 175
131 178
131 179
131 186
131 189
132 133
132 134
132 136
132 137
132 141
132 142
132 144
132 145
132 146
132 147
132 149
132 150
132 152
132 153
132 154
132 155
132 159
132 172
132 197
132 207
132 211
132 221
132 222
132 230
132 246
132 254
132 278
132 280
133 141
133 142
133 144
133 147
133 149
133 150
133 152
133 153
133 155
133 158
133 159
133 172
133 174
133 176
134 136
134 137
134 141
134 142
134 144
134 145
134 146
134 147
134 149
134 150
134 152
134 153
134 154
134 155
134 158
134 159
134 164
134 172
134 174
134 176
134 177
134 180
134 187
134 192
134 195
134 197
134 207
134 211
134 212
134 221
134 222
134 230
134 244
134 246
134 254
134 277
134 278
134 280
135 136
135 138
135 139
135 140
135 141
135 142
135 143
135 145
135 146
135 147
135 148
135 151
135 154
135 156
135 157
135 158
135 159
135 160
135 161
135 162
135 163
135 164
135 165
135 168
135 169
135 170
135 171
135 173
135 174
135 175
135 176
135 177
135 178
135 179
135 180
135 182
135 183
135 186
135 187
135 188
135 189
135 190
135 191
135 192
135 193
135 195
135 196
135 200
135 201
135 202
135 203
135 204
135 206
135 209
135 210
135 212
135 213
135 215
135 216
135 218
135 219
135 220
135 224
135 227
135 228
135 229
135 231
135 235
135 236
135 237
135 238
135 240
135 241
135 242
135 248
135 249
135 256
135 257
135 258
135 259
135 260
135 261
135 263
135 264
135 265
135 266
135 267
135 272
135 276
135 279
135 282
135 284
136 137
136 139
136 140
136 141
136 142
136 143
136 144
136 145
136 146
136 147
136 148
136 149
136 150
136 151
136 152
136 153
136 154
136 155
136 156
136 158
136 159
136 161
136 163
136 164
136 165
136 169
136 172
136 173
136 174
136 176
136 177
136 179
136 180
136 182
136 183
136 187
136 188
136 189
136 190
136 191
136 192
136 193
136 195
136 196
136 200
136 201
136 202
136 203
136 204
136 206
136 207
136 209
136 210
136 211
136 212
136 213
136 215
136 219
136 220
136 221
136 228
136 229
136 235
136 236
136 237
136 238
136 241
136 242
136 244
136 248
136 249
136 250
136 257
136 258
136 259
136 260
136 261
136 263
136 264
136 265
136 266
136 267
136 268
136 272
136 276
136 279
136 282
137 141
137 142
137 144
137 145
137 146
137 147
137 149
137 150
137 152
137 153
137 154
137 155
137 158
137 159
137 164
137 172
137 174
137 176
137 177
137 180
137 187
137 197
137 207
137 211
137 221
137 222
137 230
137 246
137 254
137 277
137 278
137 280
138 157
138 160
138 162
138 166
138 167
138 168
138 170
138 171
138 175
138 178
138 179
138 186
138 189
138 200
138 205
138 216
139 140
139 141
139 143
139 145
139 146
139 148
139 151
139 154
139 156
139 157
139 158
139 160
139 161
139 162
139 163
139 164
139 165
139 166
139 168
139 169
139 170
139 171
139 173
139 174
139 175
139 176
139 177
139 178
139 179
139 180
139 182
139 183
139 186
139 187
139 188
139 189
139 190
139 191
139 192
139 193
139 195
139 196
139 200
139 201
139 202
139 203
139 204
139 205
139 206
139 208
139 209
139 210
139 213
139 215
139 216
139 218
139 219
139 220
139 224
139 227
139 228
139 229
139 231
139 235
139 236
139 237
139 238
139 240
139 241
139 242
139 248
139 249
139 256
139 257
139 258
139 259
139 260
139 261
139 263
139 264
139 265
139 266
139 267
139 271
139 272
139 274
139 276
139 279
139 282
139 284
140 143
140 145
140 146
140 148
140 151
140 154
140 156
140 157
140 160
140 161
140 162
140 163
140 164
140 165
140 166
140 167
140 168
140 169
140 170
140 171
140 175
140 177
140 178
140 179
140 180
140 181
140 182
140 183
140 184
140 185
140 186
140 187
140 189
140 190
140 191
140 193
140 194
140 195
140 196
140 198
140 199
140 200
140 203
140 205
140 208
140 209
140 210
140 213
140 214
140 215
140 216
140 218
140 219
140 224
140 225
140 226
140 227
140 228
140 229
140 231
140 233
140 234
140 235
140 236
140 237
140 240
140 241
140 243
140 248
140 249
140 251
140 252
140 256
140 257
140 258
140 264
140 265
140 267
140 271
140 272
140 274
140 275
140 279
140 281
140 282
140 284
140 285
140 286
140 287
141 142
141 144
141 147
141 149
141 150
141 152
141 153
141 155
141 158
141 159
141 172
141 173
141 174
141 176
141 188
141 192
141 201
141 202
141 204
141 211
141 212
142 144
142 147
142 149
142 150
142 152
142 153
142 155
142 158
142 159
142 172
142 173
142 174
142 176
142 192
142 204
142 207
142 211
142 212
143 144
143 145
143 146
143 147
143 148
143 151
143 154
143 155
143 156
143 157
143 158
143 159
143 160
143 161
143 163
143 164
143 165
143 168
143 169
143 171
143 173
143 174
143 175
143 176
143 177
143 178
143 179
143 180
143 182
143 183
143 186
143 187
143 188
143 189
143 190
143 191
143 192
143 193
143 195
143 196
143 200
143 201
143 202
143 203
143 204
143 206
143 209
143 210
143 212
143 213
143 215
143 216
143 218
143 219
143 220
143 224
143 227
143 228
143 229
143 231
143 235
143 236
143 237
143 238
143 240
143 241
143 242
143 248
143 249
143 250
143 256
143 257
143 258
143 259
143 260
143 261
143 263
143 264
143 265
143 266
143 267
143 268
143 272
143 276
143 279
143 282
143 284
144 147
144 149
144 150
144 152
144 153
144 155
144 158
144 159
144 172
144 173
144 174
144 176
144 192
144 207
144 211
145 146
145 147
145 148
145 149
145 150
145 151
145 152
145 153
145 154
145 155
145 156
145 158
145 159
145 161
145 163
145 164
145 165
145 169
145 172
145 173
145 174
145 176
145 177
145 179
145 180
145 182
145 183
145 187
145 188
145 189
145 190
145 191
145 192
145 193
145 195
145 196
145 200
145 201
145 202
145 203
145 204
145 206
145 207
145 209
145 210
145 211
145 212
145 213
145 215
145 219
145 220
145 221
145 227
145 228
145 229
145 235
145 236
145 237
145 238
145 241
145 242
145 244
145 248
145 249
145 250
145 257
145 258
145 259
145 260
145 261
145 263
145 264
145 265
145 266
145 267
145 268
145 272
145 276
145 279
145 282
146 147
146 148
146 149
146 150
146 151
146 152
146 153
146 154
146 155
146 156
146 158
146 159
146 161
146 163
146 164
146 165
146 169
146 172
146 173
146 174
146 176
146 177
146 179
146 180
146 182
146 183
146 187
146 188
146 189
146 190
146 191
146 192
146 193
146 195
146 196
146 200
146 201
146 202
146 203
146 204
146 206
146 207
146 209
146 210
146 211
146 212
146 213
146 215
146 219
146 220
146 221
146 222
146 227
146 228
146 229
146 235
146 236
146 237
146 238
146 241
146 242
146 244
146 248
146 249
146 250
146 257
146 258
146 259
146 260
146 261
146 263
146 264
146 265
146 266
146 267
146 268
146 272
146 273
146 276
146 279
146 282
147 149
147 150
147 152
147 153
147 155
147 158
147 159
147 172
147 173
147 174
147 176
147 188
147 192
147 201
147 202
147 204
147 207
147 211
147 212
148 151
148 154
148 156
148 157
148 160
148 161
148 162
148 163
148 164
148 165
148 166
148 167
148 168
148 169
148 170
148 171
148 173
148 175
148 177
148 178
148 179
148 180
148 182
148 183
148 184
148 185
148 186
148 187
148 188
148 189
148 190
148 191
148 193
148 195
148 196
148 198
148 199
148 200
148 201
148 203
148 205
148 206
148 208
148 209
148 210
148 213
148 214
148 215
148 216
148 218
148 219
148 220
148 224
148 227
148 228
148 229
148 231
148 233
148 234
148 235
148 236
148 237
148 238
148 240
148 241
148 242
148 248
148 249
148 252
148 256
148 257
148 258
148 259
148 263
148 264
148 265
148 266
148 267
148 271
148 272
148 274
148 275
148 276
148 279
148 281
148 282
148 284
148 286
148 287
149 150
149 152
149 153
149 155
149 158
149 159
149 172
149 174
149 176
149 192
149 197
149 207
149 211
149 221
149 222
150 152
150 153
150 155
150 159
150 172
150 197
150 207
150 211
150 221
150 222
151 154
151 156
151 157
151 158
151 159
151 160
151 161
151 162
151 163
151 164
151 165
151 166
151 168
151 169
151 170
151 171
151 173
151 174
151 175
151 176
151 177
151 178
151 179
151 180
151 182
151 183
151 186
151 187
151 188
151 189
151 190
151 191
151 192
151 193
151 195
151 196
151 200
151 201
151 202
151 203
151 204
151 206
151 209
151 210
151 212
151 213
151 215
151 216
151 218
151 219
151 220
151 224
151 227
151 228
151 229
151 231
151 235
151 236
151 237
151 238
151 240
151 241
151 242
151 248
151 249
151 250
151 256
151 257
151 258
151 259
151 260
151 261
151 263
151 264
151 265
151 266
151 267
151 268
151 271
151 272
151 274
151 276
151 279
151 282
151 284
152 153
152 155
152 158
152 159
152 172
152 174
152 176
152 197
152 207
152 211
152 221
152 222
153 155
153 159
153 172
153 197
153 207
153 211
153 221
153 222
153 230
154 155
154 156
154 158
154 159
154 161
154 163
154 164
154 165
154 169
154 172
154 173
154 174
154 176
154 177
154 179
154 180
154 182
154 183
154 187
154 188
154 189
154 190
154 191
154 192
154 193
154 195
154 196
154 200
154 201
154 202
154 203
154 204
154 206
154 207
154 209
154 210
154 211
154 212
154 213
154 215
154 219
154 220
154 221
154 222
154 227
154 228
154 229
154 235
154 236
154 237
154 238
154 240
154 241
154 242
154 244
154 246
154 248
154 249
154 250
154 257
154 258
154 259
154 260
154 261
154 263
154 264
154 265
154 266
154 267
154 268
154 270
154 272
154 273
154 276
154 279
154 282
155 158
155 159
155 172
155 173
155 174
155 176
155 192
155 202
155 204
155 207
155 211
155 212
155 221
155 222
156 157
156 160
156 161
156 162
156 163
156 164
156 165
156 166
156 167
156 168
156 169
156 170
156 171
156 173
156 175
156 177
156 178
156 179
156 180
156 181
156 182
156 183
156 184
156 185
156 186
156 187
156 188
156 189
156 190
156 191
156 193
156 194
156 195
156 196
156 198
156 199
156 200
156 201
156 203
156 205
156 206
156 208
156 209
156 210
156 213
156 214
156 215
156 216
156 218
156 219
156 220
156 224
156 225
156 226
156 227
156 228
156 229
156 231
156 233
156 234
156 235
156 236
156 237
156 240
156 241
156 242
156 243
156 248
156 249
156 251
156 252
156 256
156 257
156 258
156 263
156 264
156 265
156 266
156 267
156 271
156 272
156 274
156 275
156 276
156 279
156 281
156 282
156 284
156 285
156 286
156 287
156 295
157 160
157 162
157 166
157 167
157 168
157 170
157 171
157 175
157 178
157 179
157 181
157 184
157 185
157 186
157 189
157 194
157 198
157 199
157 205
157 208
157 214
157 216
157 218
157 224
157 226
157 231
157 233
157 234
158 159
158 173
158 174
158 176
158 188
158 192
158 201
158 202
158 204
158 206
158 211
158 212
158 220
159 172
159 173
159 174
159 176
159 188
159 192
159 201
159 202
159 204
159 206
159 207
159 211
159 212
159 221
159 244
160 162
160 166
160 167
160 168
160 170
160 171
160 175
160 178
160 179
160 184
160 185
160 186
160 189
160 198
160 199
160 200
160 203
160 205
160 208
160 216
160 218
160 224
160 231
160 234
161 162
161 163
161 164
161 165
161 166
161 168
161 169
161 170
161 171
161 173
161 174
161 175
161 176
161 177
161 178
161 179
161 180
161 182
161 183
161 186
161 187
161 188
161 189
161 190
161 191
161 192
161 193
161 195
161 196
161 200
161 201
161 202
161 203
161 204
161 205
161 206
161 208
161 209
161 210
161 212
161 213
161 215
161 216
161 218
161 219
161 220
161 224
161 227
161 228
161 229
161 231
161 234
161 235
161 236
161 237
161 238
161 240
161 241
161 242
161 248
161 249
161 250
161 256
161 257
161 258
161 259
161 260
161 261
161 263
161 264
161 265
161 266
161 267
161 268
161 271
161 272
161 274
161 275
161 276
161 279
161 281
161 282
161 284
161 287
162 166
162 167
162 168
162 170
162 171
162 175
162 178
162 179
162 181
162 184
162 185
162 186
162 189
162 194
162 198
162 199
162 205
162 208
162 214
162 216
162 218
162 224
162 225
162 226
162 231
162 233
162 234
162 243
162 252
163 164
163 165
163 168
163 169
163 171
163 173
163 174
163 175
163 176
163 177
163 178
163 179
163 180
163 182
163 183
163 186
163 187
163 188
163 189
163 190
163 191
163 192
163 193
163 195
163 196
163 200
163 201
163 202
163 203
163 204
163 206
163 209
163 210
163 211
163 212
163 213
163 215
163 216
163 218
163 219
163 220
163 224
163 227
163 228
163 229
163 231
163 235
163 236
163 237
163 238
163 240
163 241
163 242
163 244
163 248
163 249
163 250
163 256
163 257
163 258
163 259
163 260
163 261
163 263
163 264
163 265
163 266
163 267
163 268
163 271
163 272
163 276
163 279
163 282
163 284
164 165
164 169
164 173
164 174
164 176
164 177
164 179
164 180
164 182
164 183
164 187
164 188
164 189
164 190
164 191
164 192
164 193
164 195
164 196
164 200
164 201
164 202
164 203
164 204
164 206
164 207
164 209
164 210
164 211
164 212
164 213
164 215
164 219
164 220
164 221
164 227
164 228
164 229
164 235
164 236
164 237
164 238
164 240
164 241
164 242
164 244
164 248
164 249
164 250
164 256
164 257
164 258
164 259
164 260
164 261
164 263
164 264
164 265
164 266
164 267
164 268
164 270
164 272
164 273
164 276
164 279
164 282
164 284
165 168
165 169
165 171
165 173
165 174
165 175
165 176
165 177
165 178
165 179
165 180
165 182
165 183
165 186
165 187
165 188
165 189
165 190
165 191
165 192
165 193
165 195
165 196
165 200
165 201
165 202
165 203
165 204
165 206
165 209
165 210
165 212
165 213
165 215
165 216
165 218
165 219
165 220
165 224
165 227
165 228
165 229
165 231
165 235
165 236
165 237
165 238
165 240
165 241
165 242
165 244
165 248
165 249
165 250
165 256
165 257
165 258
165 259
165 260
165 261
165 263
165 264
165 265
165 266
165 267
165 268
165 271
165 272
165 274
165 275
165 276
165 279
165 282
165 284
165 287
166 167
166 168
166 170
166 171
166 175
166 178
166 179
166 181
166 184
166 185
166 186
166 194
166 198
166 199
166 205
166 208
166 214
166 216
166 218
166 223
166 224
166 225
166 226
166 231
166 233
166 234
166 243
166 251
166 252
167 168
167 170
167 171
167 175
167 178
167 181
167 184
167 185
167 186
167 194
167 198
167 199
167 205
167 208
167 214
167 223
167 225
167 226
167 232
167 233
167 234
167 243
167 251
167 252
167 253
168 170
168 171
168 175
168 178
168 179
168 184
168 185
168 186
168 189
168 198
168 199
168 200
168 203
168 205
168 208
168 214
168 216
168 218
168 224
168 227
168 231
168 233
168 234
168 240
168 252
169 170
169 171
169 173
169 175
169 177
169 178
169 179
169 180
169 182
169 183
169 184
169 185
169 186
169 187
169 188
169 189
169 190
169 191
169 193
169 195
169 196
169 198
169 199
169 200
169 201
169 202
169 203
169 205
169 206
169 208
169 209
169 210
169 213
169 214
169 215
169 216
169 218
169 219
169 220
169 224
169 226
169 227
169 228
169 229
169 231
169 233
169 234
169 235
169 236
169 237
169 238
169 240
169 241
169 242
169 243
169 248
169 249
169 251
169 252
169 256
169 257
169 258
169 259
169 260
169 261
169 263
169 264
169 265
169 266
169 267
169 271
169 272
169 274
169 275
169 276
169 279
169 281
169 282
169 284
169 285
169 286
169 287
169 294
169 295
170 171
170 175
170 178
170 179
170 181
170 184
170 185
170 186
170 189
170 194
170 198
170 199
170 205
170 208
170 214
170 216
170 218
170 223
170 224
170 225
170 226
170 231
170 233
170 234
170 243
170 251
170 252
171 175
171 178
171 179
171 184
171 185
171 186
171 189
171 198
171 199
171 200
171 203
171 205
171 208
171 214
171 216
171 218
171 224
171 227
171 231
171 233
171 234
171 240
171 252
172 197
172 207
172 211
172 221
172 222
172 230
172 246
172 254
173 174
173 176
173 188
173 192
173 201
173 202
173 204
173 206
173 210
173 211
173 212
173 220
173 238
173 241
173 242
173 244
173 250
173 259
173 260
173 261
174 176
174 188
174 192
174 201
174 202
174 204
174 206
174 207
174 210
174 211
174 212
174 220
174 238
174 242
174 244
174 250
174 261
175 178
175 179
175 181
175 184
175 185
175 186
175 189
175 194
175 198
175 199
175 200
175 203
175 205
175 208
175 214
175 216
175 218
175 224
175 226
175 227
175 231
175 233
175 234
175 240
175 251
175 252
176 188
176 192
176 201
176 202
176 204
176 206
176 207
176 210
176 211
176 212
176 220
176 238
176 242
176 244
176 250
176 261
177 179
177 180
177 182
177 183
177 187
177 188
177 189
177 190
177 191
177 192
177 193
177 195
177 196
177 200
177 201
177 202
177 203
177 204
177 206
177 207
177 209
177 210
177 211
177 212
177 213
177 215
177 216
177 219
177 220
177 221
177 222
177 227
177 228
177 229
177 235
177 236
177 237
177 238
177 240
177 241
177 242
177 244
177 246
177 248
177 249
177 250
177 256
177 257
177 258
177 259
177 260
177 261
177 263
177 264
177 265
177 266
177 267
177 268
177 270
177 272
177 273
177 276
177 279
177 282
177 284
178 179
178 184
178 185
178 186
178 189
178 194
178 198
178 199
178 200
178 203
178 205
178 208
178 214
178 216
178 218
178 224
178 226
178 227
178 231
178 233
178 234
178 235
178 240
178 243
178 251
178 252
178 256
179 186
179 189
179 200
179 203
179 205
179 208
179 216
179 218
179 224
179 227
179 231
179 234
179 235
179 236
179 237
179 240
179 256
179 271
180 182
180 183
180 187
180 188
180 189
180 190
180 191
180 192
180 193
180 195
180 196
180 200
180 201
180 202
180 203
180 204
180 206
180 207
180 209
180 210
180 211
180 212
180 213
180 215
180 219
180 220
180 221
180 222
180 227
180 228
180 229
180 235
180 236
180 237
180 238
180 240
180 241
180 242
180 244
180 246
180 248
180 249
180 250
180 256
180 257
180 258
180 259
180 260
180 261
180 263
180 264
180 265
180 266
180 267
180 268
180 270
180 272
180 273
180 276
180 279
180 282
180 284
181 184
181 185
181 186
181 194
181 198
181 199
181 205
181 208
181 214
181 217
181 223
181 225
181 226
181 232
181 233
181 234
181 239
181 243
181 245
181 247
181 251
181 252
181 253
181 255
181 262
181 269
182 183
182 186
182 187
182 188
182 189
182 190
182 191
182 192
182 193
182 195
182 196
182 200
182 201
182 202
182 203
182 204
182 205
182 206
182 208
182 209
182 210
182 212
182 213
182 215
182 216
182 218
182 219
182 220
182 224
182 227
182 228
182 229
182 231
182 234
182 235
182 236
182 237
182 238
182 240
182 241
182 242
182 248
182 249
182 250
182 252
182 256
182 257
182 258
182 259
182 260
182 261
182 263
182 264
182 265
182 266
182 267
182 268
182 271
182 272
182 274
182 275
182 276
182 279
182 281
182 282
182 284
182 285
182 286
182 287
182 295
183 186
183 187
183 188
183 189
183 190
183 191
183 192
183 193
183 195
183 196
183 200
183 201
183 202
183 203
183 204
183 205
183 206
183 208
183 209
183 210
183 212
183 213
183 215
183 216
183 218
183 219
183 220
183 224
183 227
183 228
183 229
183 231
183 234
183 235
183 236
183 237
183 238
183 240
183 241
183 242
183 244
183 248
183 249
183 250
183 256
183 257
183 258
183 259
183 260
183 261
183 263
183 264
183 265
183 266
183 267
183 268
183 271
183 272
183 274
183 275
183 276
183 279
183 281
183 282
183 284
183 286
183 287
184 185
184 186
184 194
184 198
184 199
184 205
184 208
184 214
184 216
184 217
184 218
184 223
184 224
184 225
184 226
184 231
184 232
184 233
184 234
184 239
184 243
184 245
184 247
184 251
184 252
184 253
184 262
185 186
185 194
185 198
185 199
185 205
185 208
185 214
185 217
185 223
185 225
185 226
185 232
185 233
185 234
185 239
185 243
185 245
185 247
185 251
185 252
185 253
185 255
185 262
185 269
186 189
186 194
186 198
186 199
186 200
186 203
186 205
186 208
186 214
186 216
186 218
186 224
186 225
186 226
186 227
186 231
186 233
186 234
186 240
186 243
186 251
186 252
186 274
186 275
187 188
187 189
187 190
187 191
187 192
187 193
187 195
187 196
187 200
187 201
187 202
187 203
187 204
187 206
187 207
187 209
187 210
187 211
187 212
187 213
187 215
187 216
187 219
187 220
187 221
187 222
187 227
187 228
187 229
187 235
187 236
187 237
187 238
187 240
187 241
187 242
187 244
187 246
187 248
187 249
187 250
187 256
187 257
187 258
187 259
187 260
187 261
187 263
187 264
187 265
187 266
187 267
187 268
187 270
187 271
187 272
187 273
187 276
187 279
187 282
187 284
188 192
188 201
188 202
188 204
188 206
188 210
188 212
188 220
188 238
188 241
188 242
188 244
188 250
188 259
188 260
188 261
188 263
188 266
188 268
189 200
189 203
189 205
189 208
189 216
189 218
189 224
189 227
189 231
189 234
189 235
189 236
189 237
189 240
189 256
189 258
189 271
189 274
190 191
190 192
190 193
190 195
190 196
190 200
190 201
190 202
190 203
190 204
190 205
190 206
190 208
190 209
190 210
190 212
190 213
190 215
190 216
190 218
190 219
190 220
190 224
190 227
190 228
190 229
190 231
190 234
190 235
190 236
190 237
190 238
190 240
190 241
190 242
190 248
190 249
190 250
190 252
190 256
190 257
190 258
190 259
190 260
190 261
190 263
190 264
190 265
190 266
190 267
190 268
190 271
190 272
190 274
190 275
190 276
190 279
190 281
190 282
190 284
190 285
190 286
190 287
190 295
191 192
191 193
191 195
191 196
191 200
191 201
191 202
191 203
191 204
191 206
191 209
191 210
191 211
191 212
191 213
191 215
191 216
191 218
191 219
191 220
191 224
191 227
191 228
191 229
191 231
191 235
191 236
191 237
191 238
191 240
191 241
191 242
191 244
191 248
191 249
191 250
191 256
191 257
191 258
191 259
191 260
191 261
191 263
191 264
191 265
191 266
191 267
191 268
191 270
191 271
191 272
191 273
191 274
191 276
191 279
191 282
191 284
191 287
192 201
192 202
192 204
192 206
192 207
192 210
192 211
192 212
192 220
192 221
192 222
192 238
192 241
192 242
192 244
192 250
192 259
192 260
192 261
192 268
192 273
193 195
193 196
193 200
193 201
193 202
193 203
193 204
193 205
193 206
193 208
193 209
193 210
193 212
193 213
193 215
193 216
193 218
193 219
193 220
193 224
193 227
193 228
193 229
193 231
193 234
193 235
193 236
193 237
193 238
193 240
193 241
193 242
193 248
193 249
193 250
193 252
193 256
193 257
193 258
193 259
193 260
193 261
193 263
193 264
193 265
193 266
193 267
193 268
193 271
193 272
193 274
193 275
193 276
193 279
193 281
193 282
193 284
193 285
193 286
193 287
193 294
193 295
194 198
194 199
194 205
194 208
194 214
194 217
194 223
194 225
194 226
194 232
194 233
194 234
194 239
194 243
194 245
194 247
194 251
194 252
194 253
194 255
194 262
194 269
194 283
195 196
195 200
195 201
195 202
195 203
195 204
195 206
195 207
195 209
195 210
195 211
195 212
195 213
195 215
195 216
195 218
195 219
195 220
195 221
195 222
195 227
195 228
195 229
195 235
195 236
195 237
195 238
195 240
195 241
195 242
195 244
195 246
195 248
195 249
195 250
195 256
195 257
195 258
195 259
195 260
195 261
195 263
195 264
195 265
195 266
195 267
195 268
195 270
195 271
195 272
195 273
195 276
195 279
195 282
195 284
195 287
196 199
196 200
196 201
196 202
196 203
196 204
196 205
196 206
196 208
196 209
196 210
196 212
196 213
196 214
196 215
196 216
196 218
196 219
196 220
196 224
196 226
196 227
196 228
196 229
196 231
196 233
196 234
196 235
196 236
196 237
196 238
196 240
196 241
196 242
196 243
196 248
196 249
196 251
196 252
196 256
196 257
196 258
196 259
196 260
196 261
196 263
196 264
196 265
196 266
196 267
196 268
196 271
196 272
196 274
196 275
196 276
196 279
196 281
196 282
196 284
196 285
196 286
196 287
196 294
196 295
196 296
196 297
197 207
197 211
197 221
197 222
197 230
197 246
197 254
197 277
197 278
197 280
198 199
198 205
198 208
198 214
198 217
198 218
198 223
198 224
198 225
198 226
198 231
198 232
198 233
198 234
198 239
198 243
198 245
198 247
198 251
198 252
198 253
198 255
198 262
198 269
199 205
199 208
199 214
199 216
199 217
199 218
199 223
199 224
199 225
199 226
199 231
199 232
199 233
199 234
199 239
199 243
199 245
199 247
199 251
199 252
199 253
199 262
199 269
200 203
200 205
200 208
200 216
200 218
200 224
200 227
200 231
200 234
200 235
200 236
200 237
200 240
200 248
200 256
200 258
200 271
200 272
200 274
200 275
201 202
201 204
201 206
201 210
201 212
201 220
201 238
201 241
201 242
201 244
201 250
201 259
201 260
201 261
201 263
201 265
201 266
201 268
201 276
202 204
202 206
202 207
202 210
202 211
202 212
202 220
202 238
202 241
202 242
202 244
202 250
202 259
202 260
202 261
202 263
202 268
202 273
203 216
203 218
203 224
203 227
203 231
203 234
203 235
203 236
203 237
203 240
203 248
203 249
203 256
203 258
203 271
203 272
203 274
203 275
203 281
203 284
204 206
204 207
204 210
204 211
204 212
204 220
204 221
204 238
204 241
204 242
204 244
204 250
204 259
204 260
204 261
204 268
204 270
204 273
205 208
205 214
205 216
205 218
205 223
205 224
205 225
205 226
205 227
205 231
205 232
205 233
205 234
205 243
205 251
205 252
205 253
205 271
205 274
205 275
205 281
205 285
206 210
206 212
206 220
206 238
206 241
206 242
206 244
206 250
206 259
206 260
206 261
206 263
206 265
206 266
206 268
206 276
207 211
207 212
207 221
207 222
207 230
207 244
207 246
207 250
207 254
207 270
207 273
207 277
207 278
208 214
208 216
208 218
208 223
208 224
208 225
208 226
208 227
208 231
208 232
208 233
208 234
208 243
208 251
208 252
208 253
208 271
208 274
208 275
208 281
208 285
209 210
209 213
209 214
209 215
209 216
209 218
209 219
209 220
209 224
209 225
209 226
209 227
209 228
209 229
209 231
209 233
209 234
209 235
209 236
209 237
209 238
209 240
209 241
209 242
209 243
209 248
209 249
209 251
209 252
209 256
209 257
209 258
209 259
209 260
209 261
209 263
209 264
209 265
209 266
209 267
209 268
209 271
209 272
209 274
209 275
209 276
209 279
209 281
209 282
209 284
209 285
209 286
209 287
209 289
209 291
209 294
209 295
209 296
209 297
209 298
210 212
210 220
210 238
210 241
210 242
210 248
210 249
210 250
210 257
210 259
210 260
210 261
210 263
210 264
210 265
210 266
210 267
210 268
210 276
210 279
211 212
211 221
211 222
211 230
211 244
211 246
211 250
211 254
211 270
211 273
211 277
211 278
212 220
212 221
212 222
212 238
212 241
212 242
212 244
212 246
212 250
212 259
212 260
212 261
212 268
212 270
212 273
213 214
213 215
213 216
213 218
213 219
213 220
213 224
213 226
213 227
213 228
213 229
213 231
213 233
213 234
213 235
213 236
213 237
213 238
213 240
213 241
213 242
213 243
213 248
213 249
213 251
213 252
213 256
213 257
213 258
213 259
213 260
213 261
213 263
213 264
213 265
213 266
213 267
213 268
213 271
213 272
213 274
213 275
213 276
213 279
213 281
213 282
213 284
213 285
213 286
213 287
213 289
213 291
213 294
213 295
213 296
213 297
213 298
214 216
214 217
214 218
214 223
214 224
214 225
214 226
214 231
214 232
214 233
214 234
214 239
214 243
214 245
214 247
214 251
214 252
214 253
214 255
214 262
214 269
214 283
214 285
214 288
215 216
215 218
215 219
215 220
215 224
215 227
215 228
215 229
215 231
215 233
215 234
215 235
215 236
215 237
215 238
215 240
215 241
215 242
215 243
215 248
215 249
215 250
215 251
215 252
215 256
215 257
215 258
215 259
215 260
215 261
215 263
215 264
215 265
215 266
215 267
215 268
215 271
215 272
215 274
215 275
215 276
215 279
215 281
215 282
215 284
215 285
215 286
215 287
215 289
215 294
215 295
215 296
215 297
215 298
216 218
216 224
216 226
216 227
216 231
216 233
216 234
216 235
216 236
216 237
216 240
216 243
216 251
216 252
216 256
216 271
216 274
216 275
216 281
216 285
216 286
216 287
217 223
217 225
217 226
217 232
217 233
217 239
217 243
217 245
217 247
217 251
217 253
217 255
217 262
217 269
217 283
218 224
218 226
218 227
218 231
218 233
218 234
218 235
218 236
218 237
218 240
218 243
218 251
218 252
218 256
218 271
218 274
218 275
218 281
218 285
218 286
218 287
219 220
219 221
219 222
219 224
219 227
219 228
219 229
219 231
219 235
219 236
219 237
219 238
219 240
219 241
219 242
219 244
219 246
219 248
219 249
219 250
219 256
219 257
219 258
219 259
219 260
219 261
219 263
219 264
219 265
219 266
219 267
219 268
219 270
219 271
219 272
219 273
219 274
219 276
219 279
219 282
219 284
219 287
220 238
220 241
220 242
220 244
220 250
220 257
220 259
220 260
220 261
220 263
220 264
220 265
220 266
220 268
220 276
221 222
221 230
221 244
221 246
221 250
221 254
221 270
221 273
221 277
221 278
222 230
222 244
222 246
222 250
222 254
222 270
222 273
222 277
222 278
223 225
223 226
223 232
223 233
223 234
223 239
223 243
223 245
223 247
223 251
223 252
223 253
223 255
223 262
223 269
223 283
223 288
223 290
223 292
223 293
224 226
224 227
224 231
224 233
224 234
224 235
224 237
224 240
224 243
224 251
224 252
224 256
224 271
224 274
224 275
224 281
224 285
224 286
224 287
224 295
225 226
225 231
225 232
225 233
225 234
225 239
225 243
225 245
225 247
225 251
225 252
225 253
225 255
225 262
225 269
225 283
225 285
225 288
225 289
225 290
225 291
225 292
225 293
226 231
226 232
226 233
226 234
226 239
226 243
226 245
226 247
226 251
226 252
226 253
226 255
226 262
226 269
226 275
226 283
226 285
226 288
226 289
226 290
226 291
226 293
227 231
227 234
227 235
227 236
227 237
227 240
227 248
227 249
227 252
227 256
227 258
227 271
227 272
227 274
227 275
227 281
227 284
227 286
227 287
228 229
228 231
228 235
228 236
228 237
228 238
228 240
228 241
228 242
228 244
228 248
228 249
228 250
228 256
228 257
228 258
228 259
228 260
228 261
228 263
228 264
228 265
228 266
228 267
228 268
228 270
228 271
228 272
228 273
228 274
228 275
228 276
228 279
228 281
228 282
228 284
228 286
228 287
228 295
229 231
229 234
229 235
229 236
229 237
229 238
229 240
229 241
229 242
229 244
229 248
229 249
229 250
229 252
229 256
229 257
229 258
229 259
229 260
229 261
229 263
229 264
229 265
229 266
229 267
229 268
229 271
229 272
229 274
229 275
229 276
229 279
229 281
229 282
229 284
229 285
229 286
229 287
229 294
229 295
229 297
230 244
230 246
230 254
230 270
230 273
230 277
230 278
230 280
231 233
231 234
231 235
231 237
231 240
231 243
231 251
231 252
231 256
231 271
231 274
231 275
231 281
231 285
231 286
231 287
231 289
231 294
231 295
231 296
231 297
232 233
232 234
232 239
232 243
232 245
232 247
232 251
232 252
232 253
232 255
232 262
232 269
232 283
232 288
232 290
232 292
232 293
233 234
233 239
233 243
233 245
233 247
233 251
233 252
233 253
233 255
233 262
233 269
233 274
233 275
233 281
233 283
233 285
233 288
233 289
233 290
233 291
233 293
234 240
234 243
234 251
234 252
234 253
234 256
234 271
234 274
234 275
234 281
234 285
234 286
234 288
234 289
234 290
234 291
234 294
234 295
234 296
234 297
234 298
235 236
235 237
235 240
235 248
235 249
235 256
235 258
235 267
235 271
235 272
235 274
235 275
235 281
235 282
235 284
235 286
235 287
236 237
236 240
236 248
236 249
236 256
236 257
236 258
236 264
236 265
236 267
236 271
236 272
236 279
236 282
236 284
236 287
237 240
237 248
237 249
237 256
237 257
237 258
237 264
237 267
237 271
237 272
237 274
237 275
237 279
237 281
237 282
237 284
237 287
238 241
238 242
238 244
238 250
238 257
238 259
238 260
238 261
238 263
238 264
238 265
238 266
238 268
238 273
238 276
239 243
239 245
239 247
239 251
239 253
239 255
239 262
239 269
239 283
239 288
239 292
239 293
240 248
240 249
240 252
240 256
240 258
240 271
240 272
240 274
240 275
240 281
240 284
240 286
240 287
240 295
241 242
241 248
241 249
241 250
241 257
241 258
241 259
241 260
241 261
241 263
241 264
241 265
241 266
241 267
241 268
241 276
241 279
241 282
242 244
242 249
242 250
242 257
242 259
242 260
242 261
242 263
242 264
242 265
242 266
242 267
242 268
242 276
242 279
243 245
243 247
243 251
243 252
243 253
243 255
243 262
243 269
243 274
243 275
243 281
243 283
243 285
243 288
243 289
243 290
243 291
243 293
244 246
244 250
244 254
244 259
244 260
244 261
244 268
244 270
244 273
244 277
244 278
245 247
245 251
245 253
245 255
245 262
245 269
245 283
245 288
245 290
245 292
245 293
245 299
246 250
246 254
246 270
246 273
246 277
246 278
247 251
247 253
247 255
247 262
247 269
247 283
247 288
247 290
247 292
247 293
247 299
248 249
248 256
248 257
248 258
248 263
248 264
248 265
248 266
248 267
248 272
248 276
248 279
248 282
248 284
249 257
249 258
249 263
249 264
249 265
249 266
249 267
249 272
249 276
249 279
249 282
249 284
250 254
250 259
250 260
250 261
250 268
250 270
250 273
250 277
251 252
251 253
251 255
251 262
251 269
251 271
251 274
251 275
251 281
251 283
251 285
251 286
251 288
251 289
251 290
251 291
251 293
251 294
251 296
251 297
251 298
252 253
252 256
252 269
252 271
252 274
252 275
252 281
252 285
252 286
252 288
252 289
252 290
252 291
252 294
252 295
252 296
252 297
252 298
253 255
253 262
253 269
253 283
253 285
253 288
253 289
253 290
253 291
253 292
253 293
253 299
254 270
254 273
254 277
254 278
254 280
255 262
255 269
255 283
255 288
255 290
255 292
255 293
255 299
256 258
256 271
256 272
256 274
256 275
256 281
256 284
256 285
256 286
256 287
256 294
256 295
256 297
257 258
257 259
257 260
257 261
257 263
257 264
257 265
257 266
257 267
257 272
257 276
257 279
257 282
257 284
258 263
258 264
258 265
258 266
258 267
258 271
258 272
258 276
258 279
258 282
258 284
258 287
259 260
259 261
259 263
259 264
259 265
259 266
259 267
259 268
259 276
259 279
260 261
260 263
260 264
260 265
260 266
260 268
260 276
260 279
261 263
261 264
261 265
261 266
261 268
261 273
261 276
262 269
262 283
262 288
262 290
262 292
262 293
262 299
263 264
263 265
263 266
263 267
263 268
263 272
263 276
263 279
263 282
264 265
264 266
264 267
264 272
264 276
264 279
264 282
264 284
265 266
265 267
265 268
265 272
265 276
265 279
265 282
266 267
266 268
266 272
266 276
266 279
266 282
267 272
267 276
267 279
267 282
267 284
268 270
268 273
268 276
269 283
269 288
269 289
269 290
269 291
269 292
269 293
269 299
270 273
270 277
270 278
271 272
271 274
271 275
271 281
271 284
271 285
271 286
271 287
271 289
271 291
271 294
271 295
271 296
271 297
271 298
272 276
272 279
272 282
272 284
272 287
273 277
273 278
274 275
274 281
274 284
274 285
274 286
274 287
274 289
274 291
274 294
274 295
274 296
274 297
274 298
275 281
275 284
275 285
275 286
275 287
275 289
275 291
275 294
275 295
275 296
275 297
275 298
276 279
276 282
277 278
277 280
278 280
279 282
279 284
281 284
281 285
281 286
281 287
281 289
281 291
281 294
281 295
281 296
281 297
281 298
282 284
283 288
283 289
283 290
283 291
283 292
283 293
283 299
284 286
284 287
284 295
285 286
285 287
285 288
285 289
285 290
285 291
285 293
285 294
285 295
285 296
285 297
285 298
285 299
286 287
286 289
286 291
286 294
286 295
286 296
286 297
286 298
287 289
287 291
287 294
287 295
287 296
287 297
287 298
288 289
288 290
288 291
288 292
288 293
288 294
288 296
288 297
288 298
288 299
289 290
289 291
289 292
289 293
289 294
289 295
289 296
289 297
289 298
289 299
290 291
290 292
290 293
290 294
290 296
290 297
290 298
290 299
291 292
291 293
291 294
291 295
291 296
291 297
291 298
291 299
292 293
292 299
293 296
293 298
293 299
294 295
294 296
294 297
294 298
295 296
295 297
295 298
296 297
296 298
296 299
297 298
298 299
