0 1
0 3
0 4
0 5
0 6
1 2
1 3
1 4
1 5
1 6
1 9
2 3
2 4
3 4
3 6
3 9
4 5
4 6
4 9
5 6
5 8
5 9
5 10
6 9
6 21
7 14
7 16
7 18
7 23
8 10
9 21
11 12
11 13
11 15
11 17
11 19
11 20
11 22
11 24
11 25
11 26
11 27
11 28
11 30
11 31
11 32
11 33
11 34
11 35
11 36
11 37
11 39
11 45
11 46
11 47
11 48
11 49
11 51
11 52
11 55
11 61
12 13
12 15
12 17
12 18
12 19
12 20
12 22
12 24
12 25
12 26
12 27
12 30
12 31
12 32
12 33
12 34
12 35
12 36
12 37
12 39
12 41
12 42
12 44
12 45
12 46
12 47
12 48
12 49
12 51
12 52
12 55
12 58
12 61
12 64
13 15
13 17
13 18
13 19
13 20
13 22
13 24
13 25
13 26
13 27
13 30
13 31
13 32
13 33
13 34
13 35
13 36
13 37
13 39
13 41
13 42
13 44
13 45
13 46
13 47
13 48
13 49
13 51
13 52
13 55
13 58
13 61
13 64
14 16
14 18
14 23
14 29
15 17
15 19
15 20
15 21
15 25
15 26
15 27
15 28
15 30
15 31
15 33
15 35
15 36
15 37
15 39
15 46
15 47
15 51
15 55
15 62
16 18
16 22
16 23
16 24
16 29
17 19
17 20
17 21
17 25
17 26
17 27
17 28
17 30
17 31
17 32
17 33
17 35
17 36
17 37
17 39
17 46
17 47
17 49
17 51
17 55
17 62
18 22
18 23
18 24
18 29
19 20
19 22
19 24
19 25
19 26
19 27
19 28
19 30
19 31
19 32
19 33
19 34
19 35
19 36
19 37
19 39
19 41
19 42
19 44
19 45
19 46
19 47
19 48
19 49
19 50
19 51
19 52
19 55
19 58
19 61
19 62
19 64
19 68
20 21
20 25
20 26
20 27
20 28
20 30
20 31
20 33
20 35
20 36
20 37
20 39
20 46
20 47
20 51
20 55
20 62
21 28
22 23
22 24
22 29
22 32
22 41
22 42
23 24
23 29
24 29
24 32
24 41
24 42
25 26
25 27
25 28
25 29
25 30
25 31
25 32
25 33
25 34
25 35
25 36
25 37
25 39
25 41
25 42
25 44
25 45
25 46
25 47
25 48
25 49
25 50
25 51
25 52
25 55
25 57
25 58
25 61
25 62
25 64
25 65
25 68
25 70
25 73
25 74
25 75
25 82
26 27
26 28
26 30
26 31
26 32
26 33
26 35
26 36
26 37
26 39
26 45
26 46
26 47
26 48
26 49
26 51
26 52
26 55
26 61
26 62
26 64
26 70
26 73
26 74
26 75
27 28
27 30
27 31
27 32
27 33
27 35
27 36
27 37
27 39
27 46
27 47
27 49
27 51
27 55
27 62
27 70
27 73
27 75
29 32
29 41
29 42
30 31
30 32
30 33
30 34
30 35
30 36
30 37
30 39
30 41
30 42
30 44
30 45
30 46
30 47
30 48
30 49
30 50
30 51
30 52
30 55
30 57
30 58
30 61
30 62
30 64
30 65
30 68
30 70
30 73
30 74
30 75
30 77
30 82
30 85
31 32
31 33
31 34
31 35
31 36
31 37
31 38
31 39
31 41
31 42
31 43
31 44
31 45
31 46
31 47
31 48
31 49
31 50
31 51
31 52
31 54
31 55
31 57
31 58
31 61
31 62
31 64
31 65
31 66
31 68
31 69
31 70
31 73
31 74
31 75
31 77
31 82
31 83
31 85
31 86
31 87
32 41
32 42
32 50
32 57
33 35
33 36
33 37
33 39
33 45
33 46
33 47
33 48
33 49
33 50
33 51
33 52
33 55
33 57
33 61
33 62
33 64
33 65
33 68
33 70
33 73
33 74
33 75
33 85
34 35
34 36
34 37
34 38
34 39
34 40
34 41
34 42
34 43
34 44
34 45
34 48
34 49
34 50
34 52
34 53
34 54
34 56
34 57
34 58
34 59
34 60
34 61
34 63
34 64
34 65
34 66
34 67
34 68
34 69
34 71
34 72
34 76
34 78
34 79
34 82
35 36
35 37
35 39
35 41
35 42
35 43
35 44
35 45
35 46
35 47
35 48
35 49
35 50
35 51
35 52
35 55
35 57
35 58
35 61
35 62
35 64
35 65
35 66
35 68
35 69
35 70
35 73
35 74
35 75
35 77
35 82
35 83
35 85
35 86
35 87
36 37
36 39
36 41
36 42
36 43
36 44
36 45
36 46
36 47
36 48
36 49
36 50
36 51
36 52
36 55
36 57
36 58
36 61
36 62
36 64
36 65
36 66
36 68
36 69
36 70
36 73
36 74
36 75
36 77
36 82
36 83
36 84
36 85
36 86
36 87
36 92
37 39
37 41
37 42
37 44
37 45
37 46
37 47
37 48
37 49
37 50
37 51
37 52
37 55
37 57
37 58
37 61
37 62
37 64
37 65
37 66
37 68
37 69
37 70
37 73
37 74
37 75
37 77
37 82
37 83
37 85
37 86
37 87
37 92
38 39
38 40
38 41
38 42
38 43
38 44
38 45
38 48
38 49
38 52
38 53
38 54
38 56
38 58
38 59
38 60
38 61
38 63
38 64
38 66
38 67
38 68
38 71
38 72
38 76
38 78
38 79
38 81
38 82
38 89
38 91
38 95
39 41
39 42
39 43
39 44
39 45
39 46
39 47
39 48
39 49
39 50
39 51
39 52
39 54
39 55
39 57
39 58
39 61
39 64
39 65
39 66
39 67
39 68
39 69
39 71
39 74
39 76
39 77
39 79
39 82
39 83
39 84
39 85
39 86
39 87
39 88
39 94
39 97
40 53
40 56
40 59
40 60
40 63
41 42
41 50
41 57
41 65
42 50
42 57
42 65
42 69
43 44
43 45
43 48
43 49
43 50
43 52
43 53
43 54
43 56
43 57
43 58
43 59
43 60
43 61
43 63
43 64
43 66
43 67
43 68
43 69
43 71
43 72
43 76
43 78
43 79
43 81
43 82
43 88
43 89
43 91
43 95
44 45
44 48
44 49
44 50
44 52
44 53
44 54
44 56
44 57
44 58
44 59
44 60
44 61
44 63
44 64
44 65
44 66
44 67
44 68
44 69
44 71
44 72
44 76
44 77
44 78
44 79
44 82
44 83
44 84
44 88
44 91
44 95
45 48
45 49
45 50
45 52
45 53
45 54
45 56
45 57
45 58
45 59
45 60
45 61
45 63
45 64
45 65
45 66
45 67
45 68
45 69
45 71
45 72
45 76
45 77
45 78
45 79
45 82
45 83
45 84
45 88
45 94
45 95
45 97
46 51
46 55
46 62
46 70
46 73
46 74
46 75
47 49
47 51
47 55
47 61
47 62
47 65
47 70
47 73
47 74
47 75
47 85
48 49
48 50
48 52
48 53
48 54
48 56
48 57
48 58
48 59
48 60
48 61
48 63
48 64
48 65
48 66
48 67
48 68
48 69
48 71
48 72
48 76
48 77
48 78
48 79
48 82
48 83
48 84
48 86
48 87
48 88
48 91
48 94
48 95
48 97
49 50
49 51
49 52
49 54
49 55
49 57
49 58
49 61
49 64
49 65
49 66
49 67
49 68
49 69
49 71
49 74
49 75
49 76
49 77
49 79
49 82
49 83
49 84
49 85
49 86
49 87
49 88
49 92
49 94
49 95
49 97
50 57
50 65
50 69
50 77
50 83
51 55
51 62
51 70
51 73
51 74
51 75
52 53
52 54
52 56
52 57
52 58
52 59
52 60
52 61
52 63
52 64
52 65
52 66
52 67
52 68
52 69
52 71
52 72
52 74
52 76
52 77
52 78
52 79
52 82
52 83
52 84
52 86
52 87
52 88
52 91
52 94
52 95
52 97
53 56
53 59
53 60
53 63
53 72
53 78
54 56
54 57
54 58
54 59
54 60
54 61
54 63
54 64
54 66
54 67
54 68
54 69
54 71
54 72
54 76
54 78
54 79
54 81
54 82
54 88
54 89
54 91
54 93
54 95
54 96
54 98
55 62
55 70
55 73
55 74
55 75
56 59
56 60
56 63
56 71
56 72
56 76
56 78
56 81
57 65
57 69
57 77
57 83
57 84
57 86
58 59
58 60
58 61
58 63
58 64
58 65
58 66
58 67
58 68
58 69
58 71
58 72
58 76
58 77
58 78
58 79
58 82
58 83
58 84
58 86
58 87
58 88
58 89
58 91
58 94
58 95
58 97
59 60
59 63
59 71
59 72
59 76
59 78
59 81
60 63
60 71
60 72
60 76
60 78
60 81
61 63
61 64
61 65
61 66
61 67
61 68
61 69
61 71
61 74
61 75
61 76
61 77
61 78
61 79
61 82
61 83
61 84
61 85
61 86
61 87
61 88
61 91
61 92
61 94
61 95
61 97
62 70
62 73
62 75
63 71
63 72
63 76
63 78
63 81
63 89
63 91
64 65
64 66
64 67
64 68
64 69
64 71
64 72
64 74
64 76
64 77
64 78
64 79
64 82
64 83
64 84
64 85
64 86
64 87
64 88
64 91
64 92
64 94
64 95
64 97
65 69
65 74
65 77
65 83
65 84
65 85
65 86
65 87
65 92
66 67
66 68
66 69
66 71
66 72
66 76
66 77
66 78
66 79
66 81
66 82
66 83
66 84
66 86
66 87
66 88
66 89
66 91
66 93
66 94
66 95
66 96
66 97
66 98
67 68
67 69
67 71
67 72
67 76
67 78
67 79
67 80
67 81
67 82
67 84
67 88
67 89
67 90
67 91
67 93
67 94
67 95
67 96
67 97
67 98
68 69
68 71
68 72
68 74
68 76
68 77
68 78
68 79
68 82
68 83
68 84
68 85
68 86
68 87
68 88
68 91
68 92
68 94
68 95
68 97
69 77
69 79
69 83
69 84
69 86
69 87
69 88
69 94
69 97
70 73
70 74
70 75
70 85
71 72
71 76
71 78
71 91
71 95
72 76
72 78
72 81
72 89
72 90
72 91
72 93
72 96
73 74
73 75
73 85
74 75
74 77
74 83
74 85
74 86
74 87
74 92
75 77
75 85
75 86
75 87
75 92
76 78
76 89
76 91
76 95
77 83
77 84
77 85
77 86
77 87
77 88
77 92
77 94
77 97
78 81
78 89
78 91
78 93
78 96
78 98
79 83
79 84
79 88
79 94
79 97
80 81
80 89
80 90
80 93
80 96
81 89
81 90
81 91
81 93
81 96
81 98
82 83
82 84
82 85
82 86
82 87
82 88
82 89
82 91
82 92
82 94
82 95
82 97
82 98
83 84
83 85
83 86
83 87
83 88
83 92
83 94
83 97
84 85
84 86
84 87
84 88
84 92
84 94
84 97
85 86
85 87
85 92
86 87
86 88
86 92
86 94
86 97
87 88
87 92
87 94
87 97
88 94
88 97
89 90
89 91
89 93
89 96
89 98
90 93
90 96
90 98
90 99
91 93
91 95
91 96
91 98
92 94
92 97
93 96
93 98
93 99
94 97
96 98
96 99
